tree
version=v4
num_class=1
num_tree_per_iteration=1
label_index=0
max_feature_idx=9
objective=binary sigmoid:1
feature_names=catchment_area_km2 curve_number topographic_wetness_index stream_power_index rainfall_1h_mm rainfall_24h_mm rainfall_72h_mm effective_saturation peak_discharge_m3s inundation_depth_m
feature_infos=[15:210] [68:88] [16.539999999999999:21.32] [14.49:74.219999999999999] [0:75.579999999999998] [0:181.11000000000001] [0:404.26999999999998] [0.34999999999999998:0.97999999999999998] [0:1189.3] [0:1.1200000000000001]
tree_sizes=670 470 686 689 775 776 775 790 783 781 788 793 785 791 791 782 789 780 780 781 788 780 785 894 881 895 882 894 895 895 898 896 901 898 900 797 801 801 801 799 904 801 801 792 1007 1014 788 798 803 792 804 804 791 804 805 805 792 806 804 795 802 913 792 803 798 705 702 906 783 689 688 682 695 692 704 908 703 704 910 703 808 700 804 702 703 911 809 907 809 912 911 812 908 914 914 917 710 918 920 919

Tree=0
num_leaves=5
num_cat=0
split_feature=5 0 0 4
split_gain=1066.03 8.88178e-16 4.44089e-16 2.22045e-16
threshold=127.04500000000002 90.000000000000014 20.000000000000004 19.040000000000003
decision_type=2 2 2 2
left_child=1 2 3 -1
right_child=-2 -3 -4 -5
leaf_value=-6.3207880656024074 2.8767454267989683 -6.3207880656024074 -6.3207880656024074 -6.3207880656024065
leaf_weight=1.1111674485728147 0.045664415694773086 3.4723982767900452 2.3098583605606109 0.047567099682055303
leaf_count=584 24 1825 1214 25
internal_value=-6.26067 -6.32079 -6.32079 -6.32079
internal_weight=6.98666 6.94099 3.46859 1.15873
internal_count=3672 3648 1823 609
is_linear=0
shrinkage=1


Tree=1
num_leaves=3
num_cat=0
split_feature=5 3
split_gain=146.574 8.88178e-16
threshold=127.04500000000002 22.085000000000004
decision_type=2 2
left_child=1 -1
right_child=-2 -3
leaf_value=-0.060107911012196764 -0.77866099455215076 -0.060107911012196778
leaf_weight=2.1827456436585635 1.2113437950611112 4.3547388457227498
leaf_count=1218 24 2430
internal_value=-0.172436 -0.0601079
internal_weight=7.74883 6.53748
internal_count=3672 3648
is_linear=0
shrinkage=0.06


Tree=2
num_leaves=5
num_cat=0
split_feature=5 4 4 5
split_gain=44.962 8.88178e-16 5.55112e-17 2.77556e-17
threshold=127.04500000000002 18.765000000000004 35.525000000000006 54.275000000000006
decision_type=2 2 2 2
left_child=1 -1 3 -3
right_child=-2 2 -4 -5
leaf_value=-0.060101615285068688 -0.36925093891609029 -0.060101615285067647 -0.060101615285067155 -0.060101615285068383
leaf_weight=5.8805837356485426 2.336168110370636 0.050636484520509728 0.038821304799057543 0.1873549927258864
leaf_count=3484 24 30 23 111
internal_value=-0.145134 -0.0601016 -0.0601016 -0.0601016
internal_weight=8.49356 6.1574 0.276813 0.237991
internal_count=3672 3648 164 141
is_linear=0
shrinkage=0.06


Tree=3
num_leaves=5
num_cat=0
split_feature=5 4 4 4
split_gain=22.5943 8.88178e-16 2.77556e-17 2.77556e-17
threshold=127.04500000000002 20.365000000000006 35.525000000000006 22.015000000000004
decision_type=2 2 2 2
left_child=1 -1 3 -3
right_child=-2 2 -4 -5
leaf_value=-0.060095691460397227 -0.26134220857557439 -0.060095691460395707 -0.060095691460395589 -0.060095691460396804
leaf_weight=5.5911161457188427 3.0723659992218018 0.034974283538758644 0.036564023699611425 0.13671765383332968
leaf_count=3517 24 22 23 86
internal_value=-0.129789 -0.0600957 -0.0600957 -0.0600957
internal_weight=8.87174 5.79937 0.208256 0.171692
internal_count=3672 3648 131 108
is_linear=0
shrinkage=0.06


Tree=4
num_leaves=6
num_cat=0
split_feature=4 8 6 5 4
split_gain=13.1667 14.9818 1.75401 5.42095 8.88178e-16
threshold=30.440000000000005 423.40000000000003 310.37000000000006 127.04500000000002 19.755000000000006
decision_type=2 2 2 2 2
left_child=2 -2 3 4 -1
right_child=1 -3 -4 -5 -6
leaf_value=-0.060090104918699129 -0.31546992162662185 -0.039218413438725751 0.073830184702964416 -0.32030028265777893 -0.060090104918698796
leaf_weight=5.2495190801564604 2.0164724962087353 1.0880964145762844 0.30446770787239064 0.30446770787239064 0.1527241717558353
leaf_count=3506 38 22 2 2 102
internal_value=-0.118309 -0.218649 -0.0664867 -0.073973 -0.0600901
internal_weight=9.11575 3.10457 6.01118 5.70671 5.40224
internal_count=3672 60 3612 3610 3608
is_linear=0
shrinkage=0.06


Tree=5
num_leaves=6
num_cat=0
split_feature=4 8 6 5 0
split_gain=8.03777 7.47721 1.62413 3.38208 8.88178e-16
threshold=30.440000000000005 404.75000000000006 310.37000000000006 127.04500000000002 195.00000000000003
decision_type=2 2 2 2 2
left_child=2 -2 3 4 -1
right_child=1 -3 -4 -5 -6
leaf_value=-0.060084856031529264 -0.24753524374054628 -0.06611324726646943 0.072845876018164779 -0.24896003722514262 -0.060084856031529209
leaf_weight=4.2362996349111199 2.2168761679204185 1.2958979830145834 0.29049262404441822 0.36584061384201039 0.85177262965589751
leaf_count=3004 37 23 2 2 604
internal_value=-0.109112 -0.180607 -0.0653914 -0.0727543 -0.0600849
internal_weight=9.25718 3.51277 5.74441 5.45391 5.08807
internal_count=3672 60 3612 3610 3608
is_linear=0
shrinkage=0.06


Tree=6
num_leaves=6
num_cat=0
split_feature=4 8 6 5 4
split_gain=5.16024 5.24872 1.50726 2.28101 8.88178e-16
threshold=30.440000000000005 404.75000000000006 310.37000000000006 127.04500000000002 19.040000000000003
decision_type=2 2 2 2 2
left_child=2 -2 3 4 -1
right_child=1 -3 -4 -5 -6
leaf_value=-0.060079904224316603 -0.2069656579994979 -0.059798909731223551 0.071943385778423782 -0.20731535129604814 -0.060079904224316256
leaf_weight=4.6420622040750459 2.4826756475376901 1.3451393322320653 0.27690246701240528 0.41130721569061268 0.15008670359384257
leaf_count=3495 37 23 2 2 113
internal_value=-0.101795 -0.15525 -0.0644594 -0.0717181 -0.0600799
internal_weight=9.30817 3.82781 5.48036 5.20346 4.79215
internal_count=3672 60 3612 3610 3608
is_linear=0
shrinkage=0.06


Tree=7
num_leaves=6
num_cat=0
split_feature=8 5 4 8 3
split_gain=3.98377 5.21659 2.37454e-09 3.03211e-09 8.88178e-16
threshold=1088.4000000000003 127.04500000000002 30.440000000000005 446.95000000000005 48.20000000000001
decision_type=2 2 2 2 2
left_child=1 2 4 -4 -1
right_child=-2 -3 3 -5 -6
leaf_value=-0.060075246039080946 0.07484850297786301 -0.15238720983807091 -0.060041724096391857 -0.060076390927870614 -0.06007524603908089
leaf_weight=3.0122792804613692 0.46800450980663377 4.2739917784929276 0.017360139463562407 0.019049423863179982 1.5011358540505169
leaf_count=2408 3 21 25 15 1200
internal_value=-0.0957405 -0.104788 -0.0600751 -0.0600599 -0.0600752
internal_weight=9.29182 8.82382 4.54982 0.0364096 4.51342
internal_count=3672 3669 3648 40 3608
is_linear=0
shrinkage=0.06


Tree=8
num_leaves=6
num_cat=0
split_feature=8 5 3 4 4
split_gain=3.81051 5.90918 5.31953 2.50751e-09 8.88178e-16
threshold=423.40000000000003 127.04500000000002 22.085000000000004 26.475000000000005 6.6750000000000007
decision_type=2 2 2 2 2
left_child=1 3 -2 4 -1
right_child=2 -3 -4 -5 -6
leaf_value=-0.060070858201190555 -0.16106886082727476 -0.16581542360075868 0.073322766151096633 -0.060053247459124895 -0.060070858201190513
leaf_weight=3.1952256951481104 0.52354989573359478 3.4609066843986511 1.0429531282279638 0.029309792036656179 1.0002753005828706
leaf_count=2712 31 15 29 36 849
internal_value=-0.0903042 -0.107688 -0.00501459 -0.0600707 -0.0600709
internal_weight=9.25222 7.68572 1.5665 4.22481 4.1955
internal_count=3672 3612 60 3597 3561
is_linear=0
shrinkage=0.06


Tree=9
num_leaves=6
num_cat=0
split_feature=8 3 5 4 4
split_gain=3.46965 4.50962 4.21679 2.093e-09 4.44089e-16
threshold=423.40000000000003 22.085000000000004 127.04500000000002 26.475000000000005 0.92500000000000016
decision_type=2 2 2 2 2
left_child=2 -2 3 4 -1
right_child=1 -3 -4 -5 -6
leaf_value=-0.060066724312555858 -0.1404114525957961 0.071745102267371394 -0.1496954307639721 -0.060050145290862882 -0.060066724312555962
leaf_weight=0.8399995050858714 0.56317715032491822 1.0031551824649794 3.5987752228975296 0.027604305068962165 3.1114380611106753
leaf_count=757 31 29 15 36 2804
internal_value=-0.085829 -0.00453611 -0.102632 -0.0600666 -0.0600667
internal_weight=9.14415 1.56633 7.57782 3.97904 3.95144
internal_count=3672 60 3612 3597 3561
is_linear=0
shrinkage=0.06


Tree=10
num_leaves=6
num_cat=0
split_feature=8 0 5 4 0
split_gain=3.18215 3.87374 3.07661 1.74916e-09 4.44089e-16
threshold=423.40000000000003 195.00000000000003 127.04500000000002 26.475000000000005 137.50000000000003
decision_type=2 2 2 2 2
left_child=2 -2 3 4 -1
right_child=1 -3 -4 -5 -6
leaf_value=-0.060062838947626922 0.070232895952557634 -0.12420907887460413 -0.13726509006548637 -0.060047221583297991 -0.060062838947626922
leaf_weight=2.5029850454302514 0.96445687522646018 0.59728022519266233 3.6861276477575302 0.025997983117122092 1.2185722601134328
leaf_count=2395 29 31 15 36 1166
internal_value=-0.081988 -0.00413067 -0.0983449 -0.0600627 -0.0600628
internal_weight=8.99542 1.56174 7.43368 3.74756 3.72156
internal_count=3672 60 3612 3597 3561
is_linear=0
shrinkage=0.06


Tree=11
num_leaves=6
num_cat=0
split_feature=8 5 8 4 4
split_gain=3.02064 1.24146 2.78295e-09 1.45882e-09 5.91219e-10
threshold=1088.4000000000003 127.04500000000002 434.60000000000008 26.475000000000005 26.475000000000005
decision_type=2 2 2 2 2
left_child=1 2 3 -1 -4
right_child=-2 -3 4 -5 -6
leaf_value=-0.060059164469635405 0.073529199051202712 -0.10675911455618417 -0.060066530050742556 -0.06004446801229342 -0.06007909807631958
leaf_weight=3.5065788672072804 0.44582380354404527 4.7839724123477936 0.027009978890418895 0.024485066474880912 0.026888840307947248
leaf_count=3563 3 21 27 36 22
internal_value=-0.0786478 -0.0867545 -0.0600593 -0.0600591 -0.0600728
internal_weight=8.81476 8.36894 3.58496 3.53106 0.0538988
internal_count=3672 3669 3648 3599 49
is_linear=0
shrinkage=0.06


Tree=12
num_leaves=6
num_cat=0
split_feature=8 0 5 4 4
split_gain=3.0238 3.29052 1.7922 1.21924e-09 4.44089e-16
threshold=423.40000000000003 195.00000000000003 127.04500000000002 26.475000000000005 19.755000000000006
decision_type=2 2 2 2 2
left_child=2 -2 3 4 -1
right_child=1 -3 -4 -5 -6
leaf_value=-0.060055723917393986 0.070079627757338447 -0.10640110062736485 -0.12058914239715102 -0.060041879440298943 -0.060055723917393201
leaf_weight=3.2362133413553247 0.95194222149439134 0.63341734278947115 3.7437197864055634 0.023060131992678978 0.064891129732131847
leaf_count=3491 29 31 15 36 70
internal_value=-0.075321 -0.000431792 -0.092119 -0.0600556 -0.0600557
internal_weight=8.65324 1.58536 7.06788 3.32416 3.3011
internal_count=3672 60 3612 3597 3561
is_linear=0
shrinkage=0.06


Tree=13
num_leaves=6
num_cat=0
split_feature=8 3 5 4 0
split_gain=2.80674 2.89479 1.36259 1.01851e-09 4.44089e-16
threshold=423.40000000000003 22.085000000000004 127.04500000000002 26.475000000000005 195.00000000000003
decision_type=2 2 2 2 2
left_child=2 -2 3 4 -1
right_child=1 -3 -4 -5 -6
leaf_value=-0.060052478298549442 -0.096599736167802944 0.068618523579328752 -0.11373095120198064 -0.060039439595677577 -0.060052478298549372
leaf_weight=2.6017684803809979 0.65509885654319056 0.91501355497166514 3.7315487861633301 0.021718070609494933 0.50725754600716744
leaf_count=2980 31 29 15 36 581
internal_value=-0.0726835 -0.000315581 -0.0892415 -0.0600524 -0.0600525
internal_weight=8.43241 1.57011 6.86229 3.13074 3.10903
internal_count=3672 60 3612 3597 3561
is_linear=0
shrinkage=0.06


Tree=14
num_leaves=6
num_cat=0
split_feature=8 3 5 4 4
split_gain=2.61493 2.56064 1.04643 8.50418e-10 4.44089e-16
threshold=423.40000000000003 22.085000000000004 127.04500000000002 26.475000000000005 23.530000000000005
decision_type=2 2 2 2 2
left_child=2 -2 3 4 -1
right_child=1 -3 -4 -5 -6
leaf_value=-0.060049417596529396 -0.088297426886352878 0.067193036457441568 -0.10797608106663409 -0.060037140684509445 -0.060049417596526718
leaf_weight=2.9083805123227657 0.67309358989587031 0.87945269013289362 3.6956178843975067 0.020454067765967809 0.019734558183699735
leaf_count=3537 31 29 15 36 24
internal_value=-0.0703252 -0.000218567 -0.0867071 -0.0600493 -0.0600494
internal_weight=8.19673 1.55255 6.64419 2.94857 2.92812
internal_count=3672 60 3612 3597 3561
is_linear=0
shrinkage=0.06


Tree=15
num_leaves=6
num_cat=0
split_feature=8 8 3 5 4
split_gain=2.46591 0.849112 3.22912 0.810507 7.09626e-10
threshold=1088.4000000000003 423.40000000000003 22.085000000000004 127.04500000000002 26.475000000000005
decision_type=2 2 2 2 2
left_child=1 3 -3 4 -1
right_child=-2 2 -4 -5 -6
leaf_value=-0.06004653613439058 0.073861942410164305 -0.14062348097242958 0.064498393463472706 -0.10308405848204921 -0.060034980094306252
leaf_weight=2.7577232394833122 0.41681453585624684 0.50215705105802022 0.61425262060947716 3.6403708457946777 0.019263588736066484
leaf_count=3561 3 30 27 15 36
internal_value=-0.0681991 -0.0760588 -0.0277647 -0.0844604 -0.0600465
internal_weight=7.95058 7.53377 1.11641 6.41736 2.77699
internal_count=3672 3669 57 3612 3597
is_linear=0
shrinkage=0.06


Tree=16
num_leaves=6
num_cat=0
split_feature=8 0 5 4 0
split_gain=2.27644 2.043 0.63239 5.93482e-10 4.44089e-16
threshold=423.40000000000003 195.00000000000003 127.04500000000002 26.475000000000005 137.50000000000003
decision_type=2 2 2 2 2
left_child=2 -2 3 4 -1
right_child=1 -3 -4 -5 -6
leaf_value=-0.060043828317939196 0.064402180079937643 -0.076149267872581583 -0.098879918963933097 -0.060032938519827689 -0.060043828317939196
leaf_weight=1.7468096179072752 0.81183455826248951 0.68766957186744548 3.5695676803588867 0.01814236192149099 0.85043006867635984
leaf_count=2395 29 31 15 36 1166
internal_value=-0.0663779 -5.44307e-05 -0.0824576 -0.0600438 -0.0600438
internal_weight=7.68445 1.4995 6.18495 2.61538 2.59724
internal_count=3672 60 3612 3597 3561
is_linear=0
shrinkage=0.06


Tree=17
num_leaves=6
num_cat=0
split_feature=8 8 3 5 4
split_gain=2.20725 0.739647 2.60874 0.496561 4.95156e-10
threshold=1088.4000000000003 423.40000000000003 22.085000000000004 127.04500000000002 26.475000000000005
decision_type=2 2 2 2 2
left_child=1 3 -3 4 -1
right_child=-2 2 -4 -5 -6
leaf_value=-0.060041269254557848 0.073523503939761717 -0.12533366126934667 0.061193920558705713 -0.095233231236776475 -0.060031019602616718
leaf_weight=2.44608921679901 0.3943013697862624 0.5107679908396674 0.57245387462899089 3.4863957762718201 0.017086362815461942
leaf_count=3561 3 30 27 15 36
internal_value=-0.0646159 -0.0723608 -0.0267588 -0.0806634 -0.0600412
internal_weight=7.42709 7.03279 1.08322 5.94957 2.46318
internal_count=3672 3669 57 3612 3597
is_linear=0
shrinkage=0.06


Tree=18
num_leaves=6
num_cat=0
split_feature=8 8 3 5 4
split_gain=2.03027 0.7128 2.32122 0.392079 4.13735e-10
threshold=1088.4000000000003 423.40000000000003 22.085000000000004 127.04500000000002 26.475000000000005
decision_type=2 2 2 2 2
left_child=1 3 -3 4 -1
right_child=-2 2 -4 -5 -6
leaf_value=-0.060038869092943793 0.072614718677192769 -0.11780438005177286 0.059561993640765601 -0.092044690670955887 -0.060029214770313949
leaf_weight=2.3037293849629354 0.3758442997932433 0.51078760938253231 0.55343917571008205 3.3935593068599701 0.016091800236608722
leaf_count=3561 3 30 27 15 36
internal_value=-0.0631242 -0.0706514 -0.025567 -0.0790492 -0.0600388
internal_weight=7.15345 6.77761 1.06423 5.71338 2.31982
internal_count=3672 3669 57 3612 3597
is_linear=0
shrinkage=0.06


Tree=19
num_leaves=6
num_cat=0
split_feature=8 8 3 5 4
split_gain=1.87073 0.685899 2.07727 0.311102 3.45289e-10
threshold=1088.4000000000003 423.40000000000003 22.085000000000004 127.04500000000002 26.475000000000005
decision_type=2 2 2 2 2
left_child=1 3 -3 4 -1
right_child=-2 2 -4 -5 -6
leaf_value=-0.060036599451438098 0.071774844212445343 -0.11149738266487438 0.057921912592357558 -0.089237311773658137 -0.060027511314866437
leaf_weight=2.169650081195869 0.35797208547592152 0.50739035819424294 0.53551937895826995 3.2933518439531326 0.015155103290453442
leaf_count=3561 3 30 27 15 36
internal_value=-0.0617701 -0.069101 -0.024503 -0.0775914 -0.0600365
internal_weight=6.87904 6.52107 1.04291 5.47816 2.18481
internal_count=3672 3669 57 3612 3597
is_linear=0
shrinkage=0.06


Tree=20
num_leaves=6
num_cat=0
split_feature=8 0 5 4 0
split_gain=1.7517 1.35777 0.247923 2.88878e-10 4.44089e-16
threshold=423.40000000000003 195.00000000000003 127.04500000000002 26.475000000000005 90.000000000000014
decision_type=2 2 2 2 2
left_child=2 -2 3 4 -1
right_child=1 -3 -4 -5 -6
leaf_value=-0.06003447304495757 0.058847732979667444 -0.061054375848870759 -0.08675045348107073 -0.060025907326081693 -0.060034473044957626
leaf_weight=1.0334481914178475 0.69428640767000593 0.66627485494245775 3.1877165138721466 0.01427290859282937 1.0099216084927318
leaf_count=1801 29 31 15 36 1760
internal_value=-0.0605346 0.000130965 -0.0762703 -0.0600344 -0.0600345
internal_weight=6.60592 1.36056 5.24536 2.05764 2.04337
internal_count=3672 60 3612 3597 3561
is_linear=0
shrinkage=0.06


Tree=21
num_leaves=6
num_cat=0
split_feature=8 8 3 5 4
split_gain=1.69731 0.603107 1.73097 0.19834 2.40952e-10
threshold=1088.4000000000003 423.40000000000003 22.085000000000004 127.04500000000002 26.475000000000005
decision_type=2 2 2 2 2
left_child=1 3 -3 4 -1
right_child=-2 2 -4 -5 -6
leaf_value=-0.06003246109445521 0.071511332870765484 -0.10345300279016757 0.054523798097165385 -0.084535685599277155 -0.060024399975858254
leaf_weight=1.9244356398121452 0.33839748799800862 0.49655253862147208 0.50224704411812127 3.078296035528183 0.013442046794807427
leaf_count=3561 3 30 27 15 36
internal_value=-0.0592359 -0.0665916 -0.0240143 -0.0750694 -0.0600324
internal_weight=6.35337 6.01497 0.9988 5.01617 1.93788
internal_count=3672 3669 57 3612 3597
is_linear=0
shrinkage=0.06


Tree=22
num_leaves=6
num_cat=0
split_feature=8 8 3 5 4
split_gain=1.57004 0.581288 1.56506 0.159224 2.0111e-10
threshold=1088.4000000000003 423.40000000000003 22.085000000000004 127.04500000000002 26.475000000000005
decision_type=2 2 2 2 2
left_child=1 3 -3 4 -1
right_child=-2 2 -4 -5 -6
leaf_value=-0.060030569764135878 0.070760985017798345 -0.099234511582688006 0.052838893340541739 -0.082553844106086002 -0.060022981011220972
leaf_weight=1.8124206092907114 0.32196697592735279 0.48689181162626471 0.48762261494994164 2.9664755314588547 0.012659533182158955
leaf_count=3561 3 30 27 15 36
internal_value=-0.0581834 -0.0653834 -0.0231408 -0.0739748 -0.0600305
internal_weight=6.08804 5.76607 0.974514 4.79156 1.82508
internal_count=3672 3669 57 3612 3597
is_linear=0
shrinkage=0.06


Tree=23
num_leaves=7
num_cat=0
split_feature=8 5 3 5 4 0
split_gain=1.46499 1.08562 0.906258 0.128222 1.68297e-10 2.22045e-16
threshold=423.40000000000003 139.32500000000002 22.085000000000004 127.04500000000002 26.475000000000005 55.000000000000007
decision_type=2 2 2 2 2 2
left_child=3 2 -2 4 5 -1
right_child=1 -3 -4 -5 -6 -7
leaf_value=-0.060028790654093847 -0.095567440794900135 0.069065632918996048 0.040083661173029077 -0.080772917587255744 -0.060021637180143639 -0.060028790654093882
leaf_weight=0.57616426656022657 0.47558253048919119 0.49749161303043365 0.2826867806725204 2.8534189462661743 0.011922557867364847 1.1307583234738556
leaf_count=1202 30 5 25 15 36 2359
internal_value=-0.0572095 0.000191509 -0.044996 -0.0729746 -0.0600287 -0.0600288
internal_weight=5.82803 1.25576 0.758269 4.57226 1.71885 1.70692
internal_count=3672 60 55 3612 3597 3561
is_linear=0
shrinkage=0.06


Tree=24
num_leaves=7
num_cat=0
split_feature=8 5 3 5 4 4
split_gain=1.37738 1.00138 0.824147 0.103546 1.40211e-10 2.22045e-16
threshold=423.40000000000003 139.32500000000002 22.085000000000004 127.04500000000002 26.475000000000005 1.155
decision_type=2 2 2 2 2 2
left_child=3 2 -2 4 5 -1
right_child=1 -3 -4 -5 -6 -7
leaf_value=-0.060027108127893136 -0.092355945983586846 0.068484742377789606 0.038235498936431869 -0.079166451414321812 -0.060020380018460683 -0.060027108127893226
leaf_weight=0.4144180382718331 0.46297590520407517 0.47237279266119003 0.27869644458405674 2.7400992810726166 0.011228470393689238 1.1931447441747876
leaf_count=918 30 5 25 15 36 2643
internal_value=-0.0563163 0.000204151 -0.0432839 -0.0720585 -0.0600271 -0.0600271
internal_weight=5.57294 1.21405 0.741672 4.35889 1.61879 1.60756
internal_count=3672 60 55 3612 3597 3561
is_linear=0
shrinkage=0.06


Tree=25
num_leaves=7
num_cat=0
split_feature=8 5 3 5 4 4
split_gain=1.29609 0.924761 0.751933 0.0838331 1.17279e-10 2.22045e-16
threshold=423.40000000000003 139.32500000000002 22.085000000000004 127.04500000000002 26.475000000000005 2.8450000000000002
decision_type=2 2 2 2 2 2
left_child=3 2 -2 4 5 -1
right_child=1 -3 -4 -5 -6 -7
leaf_value=-0.060025530717671451 -0.089525009338611738 0.067944400873652347 0.036426259830958027 -0.077712422049845895 -0.060019190023141385 -0.060025530717671437
leaf_weight=0.747000936680706 0.44937329375534296 0.44829400628805161 0.27510087261907756 2.6273256838321686 0.01057477835274756 0.76698331802617759
leaf_count=1757 30 5 25 15 36 1804
internal_value=-0.055485 0.000213013 -0.0416982 -0.0712178 -0.0600255 -0.0600255
internal_weight=5.32465 1.17277 0.724474 4.15188 1.52456 1.51398
internal_count=3672 60 55 3612 3597 3561
is_linear=0
shrinkage=0.06


Tree=26
num_leaves=7
num_cat=0
split_feature=8 5 3 5 4 4
split_gain=1.22062 0.854879 0.688065 0.0680301 9.78297e-11 2.22045e-16
threshold=423.40000000000003 139.32500000000002 22.085000000000004 127.04500000000002 26.475000000000005 1.385
decision_type=2 2 2 2 2 2
left_child=3 2 -2 4 5 -1
right_child=1 -3 -4 -5 -6 -7
leaf_value=-0.06002404292226371 -0.087015114914284278 0.067441344765132638 0.034660399323354622 -0.076392297903366643 -0.060018075494353527 -0.060024042922263855
leaf_weight=0.4232306678022727 0.43503230203350518 0.42524061352014542 0.27187240030616522 2.5157665759325027 0.0099591308535308398 1.0026202385779468
leaf_count=1057 30 5 25 15 36 2504
internal_value=-0.0547081 0.000218717 -0.0402193 -0.0704449 -0.060024 -0.060024
internal_weight=5.08372 1.13215 0.706905 3.95158 1.43581 1.42585
internal_count=3672 60 55 3612 3597 3561
is_linear=0
shrinkage=0.06


Tree=27
num_leaves=7
num_cat=0
split_feature=8 5 3 5 4 0
split_gain=1.15049 0.790987 0.631301 0.0553227 8.1658e-11 2.22045e-16
threshold=423.40000000000003 139.32500000000002 22.085000000000004 127.04500000000002 26.475000000000005 20.000000000000004
decision_type=2 2 2 2 2 2
left_child=3 2 -2 4 5 -1
right_child=1 -3 -4 -5 -6 -7
leaf_value=-0.060022639515609412 -0.084778438446340254 0.066972642075742453 0.032941981813747065 -0.07519041665701523 -0.060017021583745486 -0.060022639515609703
leaf_weight=0.22776723385322872 0.42017235100502126 0.40319386869668961 0.26898345747031271 2.4059686064720154 0.0093793157284379758 1.115078990900656
leaf_count=604 30 5 25 15 36 2957
internal_value=-0.053979 0.000221771 -0.0388311 -0.0697329 -0.0600226 -0.0600226
internal_weight=4.85054 1.09235 0.689156 3.75819 1.35223 1.34285
internal_count=3672 60 55 3612 3597 3561
is_linear=0
shrinkage=0.06


Tree=28
num_leaves=7
num_cat=0
split_feature=8 5 3 5 4 5
split_gain=1.08527 0.73245 0.58063 0.0450756 6.82896e-11 4.44089e-16
threshold=423.40000000000003 139.32500000000002 22.085000000000004 127.04500000000002 26.475000000000005 0.34000000000000002
decision_type=2 2 2 2 2 2
left_child=3 2 -2 4 5 -1
right_child=1 -3 -4 -5 -6 -7
leaf_value=-0.060021324799258861 -0.082776107892585063 0.066535630274147495 0.031274603025951121 -0.074093416172018534 -0.060016030840211156 -0.060021324799261491
leaf_weight=0.02983219153247807 0.40497963699453954 0.38213175535202026 0.26640693005174398 2.2983745038509369 0.0088332485465797417 1.2348396423622032
leaf_count=84 30 5 25 15 36 3477
internal_value=-0.0532921 0.000222597 -0.0375207 -0.0690762 -0.0600213 -0.0600213
internal_weight=4.6254 1.05352 0.671387 3.57188 1.27351 1.26467
internal_count=3672 60 55 3612 3597 3561
is_linear=0
shrinkage=0.06


Tree=29
num_leaves=7
num_cat=0
split_feature=8 5 3 5 4 4
split_gain=1.02458 0.678717 0.53522 0.0367913 5.71179e-11 2.22045e-16
threshold=423.40000000000003 139.32500000000002 22.085000000000004 127.04500000000002 26.475000000000005 7.785000000000001
decision_type=2 2 2 2 2 2
left_child=3 2 -2 4 5 -1
right_child=1 -3 -4 -5 -6 -7
leaf_value=-0.060020084761137703 -0.080976214502309352 0.06612789387683482 0.029661287594511688 -0.073089832940964758 -0.060015095746089049 -0.060020084761137529
leaf_weight=0.95859046181431062 0.38961134778219253 0.36202956736087799 0.26411658432334661 2.1933376491069794 0.0083189655124441542 0.23245651464094408
leaf_count=2866 30 5 25 15 36 695
internal_value=-0.0526423 0.000221548 -0.0362769 -0.0684695 -0.0600201 -0.0600201
internal_weight=4.40846 1.01576 0.653728 3.3927 1.19937 1.19105
internal_count=3672 60 55 3612 3597 3561
is_linear=0
shrinkage=0.06


Tree=30
num_leaves=7
num_cat=0
split_feature=8 5 3 5 4 0
split_gain=0.96806 0.629315 0.494381 0.0300783 4.76086e-11 2.22045e-16
threshold=423.40000000000003 139.32500000000002 22.085000000000004 127.04500000000002 26.475000000000005 195.00000000000003
decision_type=2 2 2 2 2 2
left_child=3 2 -2 4 5 -1
right_child=1 -3 -4 -5 -6 -7
leaf_value=-0.060018909308219147 -0.079352341412831456 0.065747234308203201 0.02810447412565413 -0.072169793662030329 -0.06001421580577506 -0.060018909308218904
leaf_weight=0.93869335774797968 0.37419956775556773 0.34286053478717804 0.26208717003464699 2.0911343097686768 0.0078346182563108213 0.18301370498375036
leaf_count=2980 30 5 25 15 36 581
internal_value=-0.0520251 0.000218907 -0.0350908 -0.0679083 -0.0600189 -0.0600189
internal_weight=4.19982 0.979147 0.636287 3.22068 1.12954 1.12171
internal_count=3672 60 55 3612 3597 3561
is_linear=0
shrinkage=0.06


Tree=31
num_leaves=7
num_cat=0
split_feature=8 5 3 5 4 4
split_gain=0.915383 0.583829 0.457533 0.0246266 3.9718e-11 2.22045e-16
threshold=423.40000000000003 139.32500000000002 22.085000000000004 127.04500000000002 26.475000000000005 20.365000000000006
decision_type=2 2 2 2 2 2
left_child=3 2 -2 4 5 -1
right_child=1 -3 -4 -5 -6 -7
leaf_value=-0.060017806117573666 -0.077882385522574024 0.065391654434716617 0.026606001400516655 -0.071324710703023111 -0.060013388655576941 -0.060017806117570002
leaf_weight=1.038603197259363 0.35885460220015364 0.32459628209471703 0.26029472867958248 1.9919759035110471 0.0073784640408122151 0.017799540655687562
leaf_count=3501 30 5 25 15 36 60
internal_value=-0.0514364 0.000214928 -0.0339547 -0.0673885 -0.0600178 -0.0600178
internal_weight=3.9995 0.943746 0.619149 3.05576 1.06378 1.0564
internal_count=3672 60 55 3612 3597 3561
is_linear=0
shrinkage=0.06


Tree=32
num_leaves=7
num_cat=0
split_feature=8 5 3 5 4 6
split_gain=0.866252 0.541895 0.424186 0.0201907 3.32894e-11 2.22045e-16
threshold=423.40000000000003 139.32500000000002 22.085000000000004 127.04500000000002 26.475000000000005 54.245000000000012
decision_type=2 2 2 2 2 2
left_child=3 2 -2 4 5 -1
right_child=1 -3 -4 -5 -6 -7
leaf_value=-0.060016775550447619 -0.076547754903582996 0.065059323110467582 0.025167120667722802 -0.070547112551347574 -0.060012608208062347 -0.06001677555044746
leaf_weight=0.78591733195935443 0.34366781842254557 0.30720730125904083 0.25871663819998503 1.8960177302360532 0.0069488634326262391 0.20898192829918116
leaf_count=2813 30 5 25 15 36 748
internal_value=-0.0508726 0.000209822 -0.0328625 -0.0669066 -0.0600167 -0.0600168
internal_weight=3.80746 0.909592 0.602384 2.89787 1.00185 0.994899
internal_count=3672 60 55 3612 3597 3561
is_linear=0
shrinkage=0.06


Tree=33
num_leaves=7
num_cat=0
split_feature=8 5 3 5 4 0
split_gain=0.820397 0.503192 0.393922 0.0165747 2.77883e-11 1.11022e-16
threshold=423.40000000000003 139.32500000000002 22.085000000000004 127.04500000000002 26.475000000000005 195.00000000000003
decision_type=2 2 2 2 2 2
left_child=3 2 -2 4 5 -1
right_child=1 -3 -4 -5 -6 -7
leaf_value=-0.060015795086842981 -0.075332665833472798 0.064748565027710564 0.023788528936429999 -0.069830455311510095 -0.060011871683056203 -0.06001579508684271
leaf_weight=0.78410207876004356 0.3287143174020456 0.29066327586770058 0.25733172101899981 1.8033676892518995 0.0065442710038041687 0.15287359320791438
leaf_count=2980 30 5 25 15 36 581
internal_value=-0.0503305 0.00020377 -0.0318087 -0.0664592 -0.0600158 -0.0600158
internal_weight=3.6236 0.876709 0.586046 2.74689 0.94352 0.936976
internal_count=3672 60 55 3612 3597 3561
is_linear=0
shrinkage=0.06


Tree=34
num_leaves=7
num_cat=0
split_feature=8 5 3 5 4 4
split_gain=0.777568 0.467437 0.366386 0.0136221 2.31872e-11 2.22045e-16
threshold=423.40000000000003 139.32500000000002 22.085000000000004 127.04500000000002 26.475000000000005 9.3450000000000006
decision_type=2 2 2 2 2 2
left_child=3 2 -2 4 5 -1
right_child=1 -3 -4 -5 -6 -7
leaf_value=-0.060014875943370259 -0.074223673063812334 0.064457851540608915 0.022470402618789222 -0.069168977307360227 -0.060011182903762936 -0.06001487594336994
leaf_weight=0.75455763173522505 0.31405500920664042 0.27493342384696007 0.25612030155025423 1.7140934765338895 0.006163230907986871 0.12786592380143702
leaf_count=3045 30 5 25 15 36 516
internal_value=-0.049807 0.000196931 -0.0307891 -0.0660436 -0.0600149 -0.0600149
internal_weight=3.44779 0.845109 0.570175 2.60268 0.888587 0.882424
internal_count=3672 60 55 3612 3597 3561
is_linear=0
shrinkage=0.06


Tree=35
num_leaves=6
num_cat=0
split_feature=8 0 5 4 4
split_gain=0.737538 0.354153 0.0112076 1.93957e-11 1.11022e-16
threshold=423.40000000000003 195.00000000000003 127.04500000000002 26.475000000000005 20.990000000000006
decision_type=2 2 2 2 2
left_child=2 -2 3 4 -1
right_child=1 -3 -4 -5 -6
leaf_value=-0.060014011018509249 0.037967052403809168 -0.041230922285650583 -0.068557587736509135 -0.060010530556194708 -0.060014011018504343
leaf_weight=0.81914472364587787 0.42613321216776956 0.38865652273671003 1.6282289326190946 0.0058043736207764587 0.011902102822205052
leaf_count=3510 29 31 15 36 51
internal_value=-0.0492995 0.000189442 -0.0656572 -0.060014 -0.060014
internal_weight=3.27987 0.81479 2.46508 0.836851 0.831047
internal_count=3672 60 3612 3597 3561
is_linear=0
shrinkage=0.06


Tree=36
num_leaves=6
num_cat=0
split_feature=8 0 5 4 4
split_gain=0.711266 0.317962 0.00923023 1.61786e-11 1.11022e-16
threshold=423.40000000000003 195.00000000000003 127.04500000000002 26.475000000000005 19.040000000000003
decision_type=2 2 2 2 2
left_child=2 -2 3 4 -1
right_child=1 -3 -4 -5 -6
leaf_value=-0.060013192852342072 0.036338740483046528 -0.039267410190207616 -0.067991783757888363 -0.060009917325752643 -0.060013192852338845
leaf_weight=0.76485801895614791 0.41874797549098719 0.38376022372540319 1.5457794368267057 0.0054664072595187454 0.017802729751565494
leaf_count=3480 29 31 15 36 81
internal_value=-0.0485429 0.000183804 -0.0652975 -0.0600132 -0.0600132
internal_weight=3.13641 0.802508 2.33391 0.788127 0.782661
internal_count=3672 60 3612 3597 3561
is_linear=0
shrinkage=0.06


Tree=37
num_leaves=6
num_cat=0
split_feature=8 3 5 4 0
split_gain=0.686704 0.285136 0.00760878 1.34992e-11 1.11022e-16
threshold=423.40000000000003 22.085000000000004 127.04500000000002 26.475000000000005 195.00000000000003
decision_type=2 2 2 2 2
left_child=2 -2 3 4 -1
right_child=1 -3 -4 -5 -6
leaf_value=-0.060012422453693849 -0.037366859294578683 0.034728864320340308 -0.067467553800762789 -0.060009339302758334 -0.060012422453693516
leaf_weight=0.61683013540459875 0.37922592081304163 0.41208107443526387 1.4667267426848409 0.0051481165282893917 0.12026117740606423
leaf_count=2980 31 29 15 36 581
internal_value=-0.0477821 0.000177714 -0.0649625 -0.0600124 -0.0600124
internal_weight=3.00027 0.791307 2.20897 0.742239 0.737091
internal_count=3672 60 3612 3597 3561
is_linear=0
shrinkage=0.06


Tree=38
num_leaves=6
num_cat=0
split_feature=8 0 5 4 4
split_gain=0.663666 0.255412 0.00627753 1.12893e-11 1.11022e-16
threshold=423.40000000000003 195.00000000000003 127.04500000000002 26.475000000000005 17.875000000000004
decision_type=2 2 2 2 2
left_child=2 -2 3 4 -1
right_child=1 -3 -4 -5 -6
leaf_value=-0.06001169897620505 0.033143359937358306 -0.035529977840479024 -0.066981317969239118 -0.060008793627230966 -0.060011698976202468
leaf_weight=0.67234149546129707 0.40607706597074855 0.37503465684130788 1.3910329118371008 0.0048483562713954589 0.021833066828548908
leaf_count=3449 29 31 15 36 112
internal_value=-0.0470154 0.000171276 -0.0646503 -0.0600117 -0.0600117
internal_weight=2.87117 0.781112 2.09006 0.699023 0.694175
internal_count=3672 60 3612 3597 3561
is_linear=0
shrinkage=0.06


Tree=39
num_leaves=6
num_cat=0
split_feature=8 0 5 4 4
split_gain=0.641981 0.228539 0.00518333 9.42246e-12 1.11022e-16
threshold=423.40000000000003 195.00000000000003 127.04500000000002 26.475000000000005 8.2650000000000023
decision_type=2 2 2 2 2
left_child=2 -2 3 4 -1
right_child=1 -3 -4 -5 -6
leaf_value=-0.060011019289860433 0.031587733104073951 -0.033757399696071999 -0.066529869395669086 -0.060008284179091625 -0.060011019289860072
leaf_weight=0.53791227313922751 0.40068249870091666 0.37116660107858479 1.3186440020799635 0.0045660477553610681 0.11584390592179261
leaf_count=2930 29 31 15 36 631
internal_value=-0.0462413 0.000164582 -0.0643591 -0.060011 -0.060011
internal_weight=2.74882 0.771849 1.97697 0.658322 0.653756
internal_count=3672 60 3612 3597 3561
is_linear=0
shrinkage=0.06


Tree=40
num_leaves=7
num_cat=0
split_feature=8 5 3 5 4 4
split_gain=0.621496 0.427839 0.240612 0.00428302 7.86471e-12 1.11022e-16
threshold=423.40000000000003 139.32500000000002 22.085000000000004 127.04500000000002 26.475000000000005 8.7600000000000016
decision_type=2 2 2 2 2 2
left_child=3 2 -2 4 5 -1
right_child=1 -3 -4 -5 -6 -7
leaf_value=-0.060010377495932805 -0.070960059541652382 0.064729804248119707 0.011136241219403627 -0.066110328098450771 -0.060007802588259218 -0.060010377495932347
leaf_weight=0.51592845318373326 0.26460809379204864 0.24894443899393082 0.24989516660571098 1.2494930177927015 0.0043001751837437032 0.09976230478787329
leaf_count=2984 30 5 25 15 36 577
internal_value=-0.0454588 0.000157721 -0.0310857 -0.0640873 -0.0600104 -0.0600104
internal_weight=2.63293 0.763448 0.514503 1.86948 0.619991 0.615691
internal_count=3672 60 55 3612 3597 3561
is_linear=0
shrinkage=0.06


Tree=41
num_leaves=6
num_cat=0
split_feature=8 0 5 4 4
split_gain=0.591499 0.187106 0.00354152 6.58595e-12 1.11022e-16
threshold=423.40000000000003 195.00000000000003 127.04500000000002 26.475000000000005 0.32500000000000007
decision_type=2 2 2 2 2
left_child=2 -2 3 4 -1
right_child=1 -3 -4 -5 -6
leaf_value=-0.060009775091567227 0.028883457620666755 -0.031659150272839727 -0.065720098476632419 -0.060007347064056894 -0.060009775091568761
leaf_weight=0.04868648589763358 0.38723569689318527 0.34974043522379361 1.1835025548934934 0.004049782299262005 0.53115490634809248
leaf_count=299 29 31 15 36 3262
internal_value=-0.0450041 0.000152272 -0.0638336 -0.0600098 -0.0600098
internal_weight=2.50437 0.736976 1.76739 0.583891 0.579841
internal_count=3672 60 3612 3597 3561
is_linear=0
shrinkage=0.06


Tree=42
num_leaves=6
num_cat=0
split_feature=8 0 5 4 5
split_gain=0.573278 0.167026 0.00293028 5.47895e-12 1.11022e-16
threshold=423.40000000000003 195.00000000000003 127.04500000000002 26.475000000000005 75.605000000000018
decision_type=2 2 2 2 2
left_child=2 -2 3 4 -1
right_child=1 -3 -4 -5 -6
leaf_value=-0.060009200876018902 0.027435337975345572 -0.030041749352206548 -0.065356852479424077 -0.060006918818802893 -0.060009200876006433
leaf_weight=0.54132525561726685 0.38333900645375241 0.34655691003717948 1.120586887001991 0.0038139677781146011 0.0047538478538626796
leaf_count=3530 29 31 15 36 31
internal_value=-0.0442142 0.000145034 -0.0635965 -0.0600092 -0.0600092
internal_weight=2.40038 0.729896 1.67048 0.549893 0.546079
internal_count=3672 60 3612 3597 3561
is_linear=0
shrinkage=0.06


Tree=43
num_leaves=6
num_cat=0
split_feature=8 8 3 5 4
split_gain=0.563342 0.235192 0.30739 0.00242597 4.57767e-12
threshold=1088.4000000000003 423.40000000000003 22.085000000000004 127.04500000000002 26.475000000000005
decision_type=2 2 2 2 2
left_child=1 3 -3 4 -1
right_child=-2 2 -4 -5 -6
leaf_value=-0.060008669436909585 0.065741399234108169 -0.069601206096809684 0.019886721268323054 -0.065018461123042576 -0.060006520013443865
leaf_weight=0.51428237522486675 0.15849222242832173 0.24088077143096587 0.32412789156660438 1.0606543719768522 0.0035918828871217548
leaf_count=3561 3 30 27 15 36
internal_value=-0.0434136 -0.0514844 -0.0182648 -0.0633749 -0.0600087
internal_weight=2.30203 2.14354 0.565009 1.57853 0.517874
internal_count=3672 3669 57 3612 3597
is_linear=0
shrinkage=0.06


Tree=44
num_leaves=8
num_cat=0
split_feature=8 6 4 4 5 4 4
split_gain=0.530968 0.159156 0.0658056 0.103067 0.00200958 3.83837e-12 1.11022e-16
threshold=423.40000000000003 248.25500000000002 43.760000000000005 35.525000000000006 127.04500000000002 26.475000000000005 7.2650000000000006
decision_type=2 2 2 2 2 2 2
left_child=4 2 3 -2 5 6 -1
right_child=1 -3 -4 -5 -6 -7 -8
leaf_value=-0.060008165503806124 -0.060302394140895416 0.023617182562306889 -0.068640925216519072 0.034913877379354891 -0.064703018585495375 -0.060006137331116233 -0.060008165503805763
leaf_weight=0.3806961025547938 0.077501017662143457 0.41868502858051215 0.11882406751828967 0.086721337858762126 1.0036083459854124 0.0033827287406893438 0.1036407396022696
leaf_count=2799 38 13 3 6 15 36 762
internal_value=-0.042916 0.000122908 -0.0346301 -0.0100213 -0.0631676 -0.0600082 -0.0600082
internal_weight=2.19306 0.701731 0.283046 0.164222 1.49133 0.48772 0.484337
internal_count=3672 60 47 44 3612 3597 3561
is_linear=0
shrinkage=0.06


Tree=45
num_leaves=8
num_cat=0
split_feature=8 6 4 4 5 4 4
split_gain=0.509957 0.145115 0.0621569 0.0958153 0.00166552 3.20799e-12 1.11022e-16
threshold=423.40000000000003 248.25500000000002 43.760000000000005 35.525000000000006 127.04500000000002 26.475000000000005 17.475000000000005
decision_type=2 2 2 2 2 2 2
left_child=4 2 3 -2 5 6 -1
right_child=1 -3 -4 -5 -6 -7 -8
leaf_value=-0.060007688813015471 -0.060284701086273748 0.022393164290479179 -0.068073356930429721 0.033306836232538543 -0.064408767180696921 -0.060005778189791768 -0.060007688813011793
leaf_weight=0.44050757658260431 0.073008481875149189 0.41518760447797831 0.11280885236192262 0.085490361685515381 0.94934944063425064 0.0031857523426879189 0.01562719521461986
leaf_count=3439 38 13 3 6 15 36 122
internal_value=-0.0423093 9.35271e-05 -0.0340321 -0.00980374 -0.0629737 -0.0600077 -0.0600077
internal_weight=2.09517 0.686495 0.271308 0.158499 1.40867 0.459321 0.456135
internal_count=3672 60 47 44 3612 3597 3561
is_linear=0
shrinkage=0.06


Tree=46
num_leaves=6
num_cat=0
split_feature=8 8 3 5 4
split_gain=0.493315 0.213126 0.27494 0.00138104 2.6702e-12
threshold=1088.4000000000003 423.40000000000003 22.085000000000004 127.04500000000002 26.475000000000005
decision_type=2 2 2 2 2
left_child=1 3 -3 4 -1
right_child=-2 2 -4 -5 -6
leaf_value=-0.0600072413881702 0.065157569473434554 -0.06865275063399251 0.019091721348666026 -0.064134118391170183 -0.060005445173390064
leaf_weight=0.42957464999926764 0.14433981850743283 0.22153396803696512 0.30631800508126616 0.89777595549821854 0.0030002447892911724
leaf_count=3561 3 30 27 15 36
internal_value=-0.0416928 -0.0499926 -0.0177337 -0.0627922 -0.0600072
internal_weight=2.00254 1.8582 0.527852 1.33035 0.432575
internal_count=3672 3669 57 3612 3597
is_linear=0
shrinkage=0.06


Tree=47
num_leaves=6
num_cat=0
split_feature=8 6 5 4 3
split_gain=0.468354 0.128365 0.00114566 2.23932e-12 5.55112e-17
threshold=423.40000000000003 248.25500000000002 127.04500000000002 26.475000000000005 48.20000000000001
decision_type=2 2 2 2 2
left_child=2 -2 3 4 -1
right_child=1 -3 -4 -5 -6
leaf_value=-0.06000682068215258 -0.03310480903643126 0.02142731750718669 -0.063877622904513126 -0.060005125675319342 -0.060006820682152316
leaf_weight=0.26902562845498301 0.25557391777692839 0.39645344046584796 0.84878531843423843 0.0028255386205273672 0.13553529338969383
leaf_count=2368 47 13 15 36 1193
internal_value=-0.0412065 5.24641e-05 -0.0626223 -0.0600068 -0.0600068
internal_weight=1.9082 0.652027 1.25617 0.407386 0.404561
internal_count=3672 60 3612 3597 3561
is_linear=0
shrinkage=0.06


Tree=48
num_leaves=6
num_cat=0
split_feature=8 0 5 4 0
split_gain=0.453619 0.123454 0.000950811 1.86717e-12 5.55112e-17
threshold=423.40000000000003 195.00000000000003 127.04500000000002 26.475000000000005 137.50000000000003
decision_type=2 2 2 2 2
left_child=2 -2 3 4 -1
right_child=1 -3 -4 -5 -6
leaf_value=-0.060006422277386708 0.024316194066658976 -0.028329626413776361 -0.063637961577068552 -0.060004827387917271 -0.060006422277386416
leaf_weight=0.25624924659496151 0.3478425550274552 0.29749972588251694 0.80227478593587875 0.0026610049426381002 0.12475433049257845
leaf_count=2395 29 31 15 36 1166
internal_value=-0.0404347 4.67209e-05 -0.0624631 -0.0600064 -0.0600064
internal_weight=1.83128 0.645342 1.18594 0.383665 0.381004
internal_count=3672 60 3612 3597 3561
is_linear=0
shrinkage=0.06


Tree=49
num_leaves=6
num_cat=0
split_feature=8 8 3 5 4
split_gain=0.444009 0.196019 0.245265 0.000789409 1.56092e-12
threshold=1088.4000000000003 423.40000000000003 22.085000000000004 127.04500000000002 26.475000000000005
decision_type=2 2 2 2 2
left_child=1 3 -3 4 -1
right_child=-2 2 -4 -5 -6
leaf_value=-0.060006048181389847 0.064908747018233515 -0.067867286331091403 0.017257398257495355 -0.063413915733353449 -0.06000454552183318
leaf_weight=0.35881781332864171 0.13505705818533909 0.20509438779117761 0.30021239165216684 0.75814226269721985 0.0025060515290533649
leaf_count=3561 3 30 27 15 36
internal_value=-0.0396233 -0.0483124 -0.0172931 -0.062314 -0.060006
internal_weight=1.75983 1.62477 0.505307 1.11947 0.361324
internal_count=3672 3669 57 3612 3597
is_linear=0
shrinkage=0.06


Tree=50
num_leaves=6
num_cat=0
split_feature=8 6 5 4 0
split_gain=0.420667 0.114307 0.000655648 1.29879e-12 5.55112e-17
threshold=423.40000000000003 248.25500000000002 127.04500000000002 26.475000000000005 90.000000000000014
decision_type=2 2 2 2 2
left_child=2 -2 3 4 -1
right_child=1 -3 -4 -5 -6
leaf_value=-0.060005695281725641 -0.031729339329023311 0.020874695595979011 -0.063204372514188395 -0.060004282853897979 -0.060005695281725557
leaf_weight=0.17090727760660207 0.24629925800763897 0.37531438788209925 0.71628669649362564 0.0023601205029990515 0.16701655113138258
leaf_count=1801 47 13 15 36 1760
internal_value=-0.0391326 3.16288e-05 -0.0621742 -0.0600057 -0.0600057
internal_weight=1.67818 0.621614 1.05657 0.340284 0.337924
internal_count=3672 60 3612 3597 3561
is_linear=0
shrinkage=0.06


Tree=51
num_leaves=6
num_cat=0
split_feature=8 0 5 4 0
split_gain=0.407294 0.103389 0.000544741 1.08724e-12 5.55112e-17
threshold=423.40000000000003 195.00000000000003 127.04500000000002 26.475000000000005 195.00000000000003
decision_type=2 2 2 2 2
left_child=2 -2 3 4 -1
right_child=1 -3 -4 -5 -6
leaf_value=-0.060005363548969265 0.022338789203914289 -0.027075203507127815 -0.063008309035432794 -0.060004031900348628 -0.060005363548968335
leaf_weight=0.26632244233042002 0.33759537152945995 0.2779216781964351 0.67660873755812645 0.0022226867331482927 0.051923939259722829
leaf_count=2980 29 31 15 36 581
internal_value=-0.0383513 2.71087e-05 -0.0620431 -0.0600054 -0.0600054
internal_weight=1.61259 0.615517 0.997078 0.320469 0.318246
internal_count=3672 60 3612 3597 3561
is_linear=0
shrinkage=0.06


Tree=52
num_leaves=6
num_cat=0
split_feature=8 8 0 5 4
split_gain=0.399436 0.180616 0.219853 0.00045274 9.07108e-13
threshold=1088.4000000000003 423.40000000000003 195.00000000000003 127.04500000000002 26.475000000000005
decision_type=2 2 2 2 2
left_child=1 3 -3 4 -1
right_child=-2 2 -4 -5 -6
leaf_value=-0.060005052011775077 0.064669211448886085 0.015589580176481339 -0.067182370953155129 -0.062824784972527498 -0.060003798608226896
leaf_weight=0.29971466071583541 0.12647162005305301 0.29486565385013819 0.18993665756352129 0.6390109583735466 0.002093255472573218
leaf_count=3561 3 27 30 15 36
internal_value=-0.0375238 -0.0465897 -0.016839 -0.0619202 -0.060005
internal_weight=1.55209 1.42562 0.484802 0.940819 0.301808
internal_count=3672 3669 57 3612 3597
is_linear=0
shrinkage=0.06


Tree=53
num_leaves=6
num_cat=0
split_feature=8 6 5 4 4
split_gain=0.377693 0.102087 0.000376393 7.62335e-13 5.55112e-17
threshold=423.40000000000003 248.25500000000002 127.04500000000002 26.475000000000005 19.755000000000006
decision_type=2 2 2 2 2
left_child=2 -2 3 4 -1
right_child=1 -3 -4 -5 -6
leaf_value=-0.060004758551255914 -0.030419096040351319 0.020349927004820158 -0.062652936924758887 -0.060003574531810558 -0.060004758551245319
leaf_weight=0.27671343815745786 0.23786598156220862 0.35596103338320972 0.6033983938395977 0.0019713608671736429 0.0055485364282503715
leaf_count=3491 47 13 15 36 70
internal_value=-0.0370256 1.36621e-05 -0.0618049 -0.0600048 -0.0600048
internal_weight=1.48146 0.593827 0.887632 0.284233 0.282262
internal_count=3672 60 3612 3597 3561
is_linear=0
shrinkage=0.06


Tree=54
num_leaves=6
num_cat=0
split_feature=8 6 5 4 4
split_gain=0.365467 0.0912538 0.000313008 6.35492e-13 5.55112e-17
threshold=423.40000000000003 248.25500000000002 127.04500000000002 26.475000000000005 18.340000000000003
decision_type=2 2 2 2 2
left_child=2 -2 3 4 -1
right_child=1 -3 -4 -5 -6
leaf_value=-0.060004479664457697 -0.029004593536363081 0.019256981956963893 -0.062491957905970529 -0.060003365714899219 -0.060004479664449967
leaf_weight=0.25828595695202239 0.234601850323088 0.35366727819564403 0.56967856362462044 0.0018565639948064918 0.0075395611711428492
leaf_count=3460 47 13 15 36 101
internal_value=-0.0362341 1.02557e-05 -0.0616968 -0.0600045 -0.0600045
internal_weight=1.42563 0.588269 0.837361 0.267682 0.265826
internal_count=3672 60 3612 3597 3561
is_linear=0
shrinkage=0.06


Tree=55
num_leaves=6
num_cat=0
split_feature=8 0 5 4 4
split_gain=0.353656 0.089498 0.000260366 5.32185e-13 5.55112e-17
threshold=423.40000000000003 195.00000000000003 127.04500000000002 26.475000000000005 2.4250000000000003
decision_type=2 2 2 2 2
left_child=2 -2 3 4 -1
right_child=1 -3 -4 -5 -6
leaf_value=-0.060004222615021467 0.020946929984141601 -0.026375178233893633 -0.062341120360366514 -0.060003172213733441 -0.060004222615021585
leaf_weight=0.11107745536719449 0.32515006838366389 0.25806878307048464 0.53776175156235695 0.0017484516793047069 0.13926863233064068
leaf_count=1580 29 31 15 36 1981
internal_value=-0.0354293 7.34813e-06 -0.0615953 -0.0600042 -0.0600042
internal_weight=1.37308 0.583219 0.789856 0.252095 0.250346
internal_count=3672 60 3612 3597 3561
is_linear=0
shrinkage=0.06


Tree=56
num_leaves=6
num_cat=0
split_feature=8 8 0 5 4
split_gain=0.347621 0.162761 0.199746 0.000216633 4.45977e-13
threshold=1088.4000000000003 423.40000000000003 195.00000000000003 127.04500000000002 26.475000000000005
decision_type=2 2 2 2 2
left_child=1 3 -3 4 -1
right_child=-2 2 -4 -5 -6
leaf_value=-0.060003975995012331 0.064359135983949878 0.014608542580355568 -0.066619803160179361 -0.062199736724561625 -0.060002985130068014
leaf_weight=0.23576800339651505 0.11656872183084499 0.28735875524580479 0.17557303034118377 0.50756120309233665 0.0016466346569359294
leaf_count=3561 3 27 30 15 36
internal_value=-0.0345891 -0.0441381 -0.0161984 -0.0615 -0.060004
internal_weight=1.32448 1.20791 0.462932 0.744976 0.237415
internal_count=3672 3669 57 3612 3597
is_linear=0
shrinkage=0.06


Tree=57
num_leaves=6
num_cat=0
split_feature=8 6 5 4 0
split_gain=0.327473 0.0818831 0.000180287 3.7384e-13 2.77556e-17
threshold=423.40000000000003 248.25500000000002 127.04500000000002 26.475000000000005 55.000000000000007
decision_type=2 2 2 2 2
left_child=2 -2 3 4 -1
right_child=1 -3 -4 -5 -6
leaf_value=-0.060003745746214282 -0.027824626374444505 0.018804791787255418 -0.062067177062205582 -0.060002810921131869 -0.060003745746214664
leaf_weight=0.074948217967175879 0.22723662488351692 0.33609548931053723 0.47899302095174789 0.0015507465141126877 0.14709055423008977
leaf_count=1202 47 13 15 36 2359
internal_value=-0.0340849 -4.55946e-06 -0.0614105 -0.0600037 -0.0600037
internal_weight=1.26591 0.563332 0.702583 0.22359 0.222039
internal_count=3672 60 3612 3597 3561
is_linear=0
shrinkage=0.06


Tree=58
num_leaves=6
num_cat=0
split_feature=8 0 5 4 4
split_gain=0.316594 0.075297 0.000150073 3.10529e-13 2.77556e-17
threshold=423.40000000000003 195.00000000000003 127.04500000000002 26.475000000000005 16.885000000000002
decision_type=2 2 2 2 2
left_child=2 -2 3 4 -1
right_child=1 -3 -4 -5 -6
leaf_value=-0.060003523863144947 0.019195463211678893 -0.025272575799653224 -0.061942860488727804 -0.060002645903380641 -0.060003523863137447
leaf_weight=0.2014164044521749 0.31745782494544983 0.2412650975275028 0.45197650417685509 0.0014604419411625704 0.0076925798784941426
leaf_count=3430 29 31 15 36 131
internal_value=-0.033273 -6.51569e-06 -0.0613265 -0.0600035 -0.0600035
internal_weight=1.22127 0.558723 0.662546 0.210569 0.209109
internal_count=3672 60 3612 3597 3561
is_linear=0
shrinkage=0.06


Tree=59
num_leaves=6
num_cat=0
split_feature=8 8 0 5 4
split_gain=0.312375 0.149729 0.180441 0.000124948 2.56295e-13
threshold=1088.4000000000003 423.40000000000003 195.00000000000003 127.04500000000002 26.475000000000005
decision_type=2 2 2 2 2
left_child=1 3 -3 4 -1
right_child=-2 2 -4 -5 -6
leaf_value=-0.060003319425427352 0.064147761622190144 0.013178120515974449 -0.066088949743557932 -0.061826242938160199 -0.060002497500908109
leaf_weight=0.19693208009266505 0.10940777137875568 0.28338687680661678 0.16276167864634772 0.42643396183848381 0.0013753958119195877
leaf_count=3561 3 27 30 15 36
internal_value=-0.0324222 -0.0422883 -0.0157397 -0.0612476 -0.0600033
internal_weight=1.1803 1.07089 0.446149 0.624741 0.198307
internal_count=3672 3669 57 3612 3597
is_linear=0
shrinkage=0.06


Tree=60
num_leaves=6
num_cat=0
split_feature=8 6 9 5 4
split_gain=0.292835 0.073633 0.0583404 0.000104049 2.15661e-13
threshold=423.40000000000003 248.25500000000002 0.095000000000000015 127.04500000000002 26.475000000000005
decision_type=2 2 2 2 2
left_child=3 2 -2 4 -1
right_child=1 -3 -4 -5 -6
leaf_value=-0.060003126526241818 -0.00050059850497526169 0.018371128998601369 -0.063049446974859188 -0.061716819096531407 -0.060002349698610576
leaf_weight=0.18546422029612586 0.12821844561040052 0.31992761962828808 0.092346098765119677 0.40229081362485886 0.0012953020341228685
leaf_count=3561 39 13 8 15 36
internal_value=-0.0319097 -1.68825e-05 -0.0266886 -0.0611735 -0.0600031
internal_weight=1.12954 0.540492 0.220565 0.58905 0.18676
internal_count=3672 60 47 3612 3597
is_linear=0
shrinkage=0.06


Tree=61
num_leaves=7
num_cat=0
split_feature=8 6 8 5 4 6
split_gain=0.281948 0.0662733 0.0512386 8.66617e-05 1.78441e-13 5.55112e-17
threshold=423.40000000000003 248.25500000000002 776.90000000000009 127.04500000000002 26.475000000000005 9.9750000000000032
decision_type=2 2 2 2 2 2
left_child=3 2 -2 4 5 -1
right_child=1 -3 -4 -5 -6 -7
leaf_value=-0.060002941582877382 -0.060284519537439879 0.017364146641730641 -0.00095027031278700682 -0.061614127259534211 -0.060002213345535717 -0.060002941582878187
leaf_weight=0.047577708355674986 0.089972536050481722 0.31822642307088245 0.12544939275358047 0.37947551161050797 0.0012198721924505653 0.12708643541191122
leaf_count=970 42 13 5 15 36 2591
internal_value=-0.031177 -3.26651e-05 -0.0257317 -0.0611039 -0.0600029 -0.0600029
internal_weight=1.08901 0.533648 0.215422 0.55536 0.175884 0.174664
internal_count=3672 60 47 3612 3597 3561
is_linear=0
shrinkage=0.06


Tree=62
num_leaves=6
num_cat=0
split_feature=8 8 0 5 4
split_gain=0.27315 0.13819 0.171284 7.21919e-05 1.50685e-13
threshold=1088.4000000000003 423.40000000000003 195.00000000000003 127.04500000000002 26.475000000000005
decision_type=2 2 2 2 2
left_child=1 3 -3 4 -1
right_child=-2 2 -4 -5 -6
leaf_value=-0.060002773794025348 0.063764319779360507 0.013435867565543602 -0.065794874806162765 -0.061517730052519169 -0.060002084206054525
leaf_weight=0.16449294711492257 0.10022001527249813 0.2733391746878624 0.15332676243633614 0.3579195998609066 0.001148834802734199
leaf_count=3561 3 27 30 15 36
internal_value=-0.0304465 -0.0403829 -0.0150365 -0.0610384 -0.0600028
internal_weight=1.05045 0.950227 0.426666 0.523561 0.165642
internal_count=3672 3669 57 3612 3597
is_linear=0
shrinkage=0.06


Tree=63
num_leaves=6
num_cat=0
split_feature=8 0 5 4 4
split_gain=0.259256 0.0596415 6.0148e-05 1.25372e-13 2.77556e-17
threshold=423.40000000000003 195.00000000000003 127.04500000000002 26.475000000000005 11.810000000000002
decision_type=2 2 2 2 2
left_child=2 -2 3 4 -1
right_child=1 -3 -4 -5 -6
leaf_value=-0.06000260913152506 0.017124505199457771 -0.024429536562890614 -0.061427221881644491 -0.060001960996862488 -0.060002609131521542
leaf_weight=0.13968799766007578 0.30073893815279007 0.2119962829456199 0.33755757287144661 0.0010819340004672986 0.015226035247906111
leaf_count=3211 29 31 15 36 350
internal_value=-0.0299361 -5.6492e-05 -0.0609769 -0.0600026 -0.0600026
internal_weight=1.00629 0.512735 0.493554 0.155996 0.154914
internal_count=3672 60 3612 3597 3561
is_linear=0
shrinkage=0.06


Tree=64
num_leaves=6
num_cat=0
split_feature=8 8 0 5 4
split_gain=0.253331 0.129769 0.153681 5.01208e-05 1.03528e-13
threshold=1088.4000000000003 423.40000000000003 195.00000000000003 127.04500000000002 26.475000000000005
decision_type=2 2 2 2 2
left_child=1 3 -3 4 -1
right_child=-2 2 -4 -5 -6
leaf_value=-0.060002456123214212 0.06364504602687758 0.011651261933645737 -0.065299715490813703 -0.061342230373869447 -0.060001849178952293
leaf_weight=0.14589290240110131 0.095658758655190468 0.27227565925568342 0.14224229613864736 0.31832684576511383 0.0010189289259869829
leaf_count=3561 3 27 30 15 36
internal_value=-0.0290848 -0.0391676 -0.0147546 -0.0609192 -0.0600025
internal_weight=0.975415 0.879757 0.414518 0.465239 0.146912
internal_count=3672 3669 57 3612 3597
is_linear=0
shrinkage=0.06


Tree=65
num_leaves=5
num_cat=0
split_feature=9 5 8 4
split_gain=0.244196 4.28358e-05 9.46036e-07 6.99996e-14
threshold=1.0000000180025095e-35 127.04500000000002 434.60000000000008 25.340000000000003
decision_type=2 2 2 2
left_child=1 2 3 -1
right_child=-2 -3 -4 -5
leaf_value=-0.060002313506852048 0.00064988107767893885 -0.061272429111575252 -0.060279350339622138 -0.060001851463010181
leaf_weight=0.13721195158723276 0.49022335447989462 0.24152231216430664 0.065313600907757063 0.0011910958637599825
leaf_count=3557 24 12 37 42
internal_value=-0.0285652 -0.0607319 -0.0600911 -0.0600023
internal_weight=0.935462 0.445239 0.203717 0.138403
internal_count=3672 3648 3636 3599
is_linear=0
shrinkage=0.06


Tree=66
num_leaves=5
num_cat=0
split_feature=9 5 8 4
split_gain=0.235985 3.57057e-05 7.89906e-07 5.89806e-14
threshold=1.0000000180025095e-35 127.04500000000002 434.60000000000008 25.340000000000003
decision_type=2 2 2 2
left_child=1 2 3 -1
right_child=-2 -3 -4 -5
leaf_value=-0.060002180271637416 0.00061089083837474463 -0.061196844210226843 -0.060263012493478811 -0.060001743238838001
leaf_weight=0.1292216269794153 0.49022095516374975 0.22772955894470215 0.061526205232439679 0.0011217338014830594
leaf_count=3557 24 12 37 42
internal_value=-0.0276599 -0.0606888 -0.0600858 -0.0600022
internal_weight=0.90982 0.419599 0.19187 0.130343
internal_count=3672 3648 3636 3599
is_linear=0
shrinkage=0.06


Tree=67
num_leaves=7
num_cat=0
split_feature=8 6 6 5 4 0
split_gain=0.230576 0.0543048 0.105061 3.08225e-05 4.92523e-14 2.77556e-17
threshold=423.40000000000003 248.25500000000002 219.01000000000002 127.04500000000002 25.340000000000003 195.00000000000003
decision_type=2 2 2 2 2 2
left_child=3 2 -2 4 5 -1
right_child=1 -3 -4 -5 -6 -7
leaf_value=-0.060002053880994652 -0.061755788372378217 0.017160469686971068 0.02679388976684444 -0.061146628407225755 -0.060001642445808037 -0.060002053880992223
leaf_weight=0.10177309329446871 0.11194834142042964 0.2927975995989982 0.084755163868976524 0.2734256349503994 0.0010564108379185191 0.01988236960460199
leaf_count=2974 36 13 11 15 42 581
internal_value=-0.0267604 0.0007804 -0.0236017 -0.0607921 -0.0600021 -0.0600021
internal_weight=0.885639 0.489501 0.196704 0.396138 0.122712 0.121655
internal_count=3672 60 47 3612 3597 3555
is_linear=0
shrinkage=0.06


Tree=68
num_leaves=6
num_cat=0
split_feature=8 8 3 5 4
split_gain=0.220814 0.118706 0.14851 2.5696e-05 3.27516e-14
threshold=1088.4000000000003 423.40000000000003 22.085000000000004 127.04500000000002 24.73
decision_type=2 2 2 2 2
left_child=1 3 -3 4 -1
right_child=-2 2 -4 -5 -6
leaf_value=-0.060001930283357166 0.063364823006156049 -0.065004479498964943 0.012979609638752819 -0.06107864114885754 -0.060001617834882566
leaf_weight=0.11434543209907133 0.088913196697831154 0.13305050504095561 0.25912858452647924 0.25778049603104591 0.0012204887771076747
leaf_count=3548 3 30 27 15 49
internal_value=-0.0261348 -0.0365299 -0.0134772 -0.0607454 -0.0600019
internal_weight=0.854439 0.765526 0.392179 0.373346 0.115566
internal_count=3672 3669 57 3612 3597
is_linear=0
shrinkage=0.06


Tree=69
num_leaves=5
num_cat=0
split_feature=9 5 8 4
split_gain=0.213933 2.0461e-05 6.13049e-07 2.74641e-14
threshold=1.0000000180025095e-35 127.04500000000002 434.60000000000008 24.73
decision_type=2 2 2 2
left_child=1 2 3 -1
right_child=-2 -3 -4 -5
leaf_value=-0.060001819259201138 0.0012330657697460922 -0.060996359261837475 -0.060244669819354765 -0.060001524456168499
leaf_weight=0.10772290220484138 0.46371084593920386 0.19081437401473522 0.057018007812075666 0.0011494147674966362
leaf_count=3550 24 12 37 49
internal_value=-0.0256392 -0.0605727 -0.0600853 -0.0600018
internal_weight=0.820416 0.356705 0.16589 0.108872
internal_count=3672 3648 3636 3599
is_linear=0
shrinkage=0.06


Tree=70
num_leaves=5
num_cat=0
split_feature=9 5 8 4
split_gain=0.206052 1.70628e-05 5.11895e-07 2.31204e-14
threshold=1.0000000180025095e-35 127.04500000000002 434.60000000000008 24.73
decision_type=2 2 2 2
left_child=1 2 3 -1
right_child=-2 -3 -4 -5
leaf_value=-0.060001714144707577 0.0011591040419870536 -0.06093742946471585 -0.060230367652537094 -0.060001435423860355
leaf_weight=0.1014497820433462 0.46370222464793187 0.17987072747200727 0.053709901665570214 0.0010824796154338392
leaf_count=3550 24 12 37 49
internal_value=-0.0247688 -0.060539 -0.0600803 -0.0600017
internal_weight=0.799815 0.336113 0.156242 0.102532
internal_count=3672 3648 3636 3599
is_linear=0
shrinkage=0.06


Tree=71
num_leaves=5
num_cat=0
split_feature=8 0 5 4
split_gain=0.201666 0.0522196 1.60972e-05 1.99007e-14
threshold=423.40000000000003 195.00000000000003 127.04500000000002 24.73
decision_type=2 2 2 2
left_child=2 -2 3 -1
right_child=1 -3 -4 -5
leaf_value=-0.060001617669873629 0.017983733360235808 -0.023142735893141531 -0.060929801106001796 -0.060001351231359946
leaf_weight=0.095509820443112403 0.27584854606539011 0.1861500151699147 0.22186655551195145 0.0010194423148277556
leaf_count=3548 29 31 15 49
internal_value=-0.0239077 0.00141292 -0.0606484 -0.0600016
internal_weight=0.780394 0.461999 0.318396 0.0965293
internal_count=3672 60 3612 3597
is_linear=0
shrinkage=0.06


Tree=72
num_leaves=5
num_cat=0
split_feature=8 9 5 8
split_gain=0.197366 0.106897 1.1738e-05 4.39539e-07
threshold=1088.4000000000003 1.0000000180025095e-35 127.04500000000002 434.60000000000008
decision_type=2 2 2 2
left_child=1 2 3 -1
right_child=-2 -3 -4 -5
leaf_value=-0.060001516856109154 0.063247426319074082 -0.012462054146437536 -0.06082991292484282 -0.060220906889549244
leaf_weight=0.090939378455914266 0.084622448310256004 0.3728557326921873 0.15979691129177809 0.051488245913787978
leaf_count=3599 3 21 12 37
internal_value=-0.0231301 -0.0339577 -0.0604769 -0.0600808
internal_weight=0.759703 0.67508 0.302225 0.142428
internal_count=3672 3669 3648 3636
is_linear=0
shrinkage=0.06


Tree=73
num_leaves=5
num_cat=0
split_feature=8 0 5 4
split_gain=0.187713 0.0512867 1.15994e-05 1.07414e-14
threshold=423.40000000000003 195.00000000000003 127.04500000000002 23.530000000000005
decision_type=2 2 2 2
left_child=2 -2 3 -1
right_child=1 -3 -4 -5
leaf_value=-0.0600014353595641 0.018075491766550347 -0.023207374902554527 -0.060836426267710048 -0.060001252048841283
leaf_weight=0.084447232160528074 0.27148725464940071 0.18027003775387129 0.19934981688857079 0.0011667954568110863
leaf_count=3537 29 31 15 60
internal_value=-0.0224522 0.0016019 -0.0605856 -0.0600014
internal_weight=0.736721 0.451757 0.284964 0.085614
internal_count=3672 60 3612 3597
is_linear=0
shrinkage=0.06


Tree=74
num_leaves=5
num_cat=0
split_feature=9 5 8 4
split_gain=0.18235 8.05249e-06 3.76945e-07 8.75688e-15
threshold=1.0000000180025095e-35 127.04500000000002 434.60000000000008 23.530000000000005
decision_type=2 2 2 2
left_child=1 2 3 -1
right_child=-2 -3 -4 -5
leaf_value=-0.060001349199851783 0.0019128418610035096 -0.060734873089058929 -0.060211856684776036 -0.060001178699413335
leaf_weight=0.079558415005521965 0.4460141209710855 0.14193442370742559 0.049363375614120741 0.0010988478743456645
leaf_count=3539 24 12 37 60
internal_value=-0.0216987 -0.0604224 -0.0600813 -0.0600013
internal_weight=0.717969 0.271955 0.130021 0.0806573
internal_count=3672 3648 3636 3599
is_linear=0
shrinkage=0.06


Tree=75
num_leaves=7
num_cat=0
split_feature=8 8 9 8 5 4
split_gain=0.178592 0.0997019 0.0946063 0.00749393 8.48749e-06 7.46625e-15
threshold=1088.4000000000003 423.40000000000003 0.095000000000000015 555.55000000000007 127.04500000000002 23.530000000000005
decision_type=2 2 2 2 2 2
left_child=1 4 3 -3 5 -1
right_child=-2 2 -4 -5 -6 -7
leaf_value=-0.060001273040463939 0.063136255970033861 0.012340567993713894 -0.037219274514190784 0.039181624833663255 -0.060757797132550299 -0.060001110738607845
leaf_weight=0.074898173037581728 0.080599104985594749 0.080818078548873018 0.2152862548991834 0.069777818428519822 0.17980043031275272 0.001034857090417062
leaf_count=3537 3 24 15 18 15 60
internal_value=-0.0208954 -0.031791 -0.0117017 0.0247772 -0.0605332 -0.0600013
internal_weight=0.702215 0.621616 0.365882 0.150596 0.255733 0.075933
internal_count=3672 3669 57 42 3612 3597
is_linear=0
shrinkage=0.06


Tree=76
num_leaves=5
num_cat=0
split_feature=9 5 8 4
split_gain=0.17046 5.50226e-06 3.24968e-07 5.27356e-15
threshold=1.0000000180025095e-35 127.04500000000002 434.60000000000008 22.610000000000003
decision_type=2 2 2 2
left_child=1 2 3 -1
right_child=-2 -3 -4 -5
leaf_value=-0.060001198378396299 0.002266064014409363 -0.060650828058836877 -0.060203701167457067 -0.060001069146329467
leaf_weight=0.070384592694608727 0.43230710654461291 0.12604544125497341 0.047450173347897362 0.0011540749737832803
leaf_count=3530 24 12 37 69
internal_value=-0.0203947 -0.0603746 -0.060082 -0.0600012
internal_weight=0.677341 0.245034 0.118989 0.0715387
internal_count=3672 3648 3636 3599
is_linear=0
shrinkage=0.06


Tree=77
num_leaves=5
num_cat=0
split_feature=9 5 8 4
split_gain=0.163197 4.59083e-06 2.71359e-07 4.31599e-15
threshold=1.0000000180025095e-35 127.04500000000002 434.60000000000008 22.610000000000003
decision_type=2 2 2 2
left_child=1 2 3 -1
right_child=-2 -3 -4 -5
leaf_value=-0.060001127219940158 0.00213023531542527 -0.060612534567196383 -0.060191799141117067 -0.060001006523668236
leaf_weight=0.066285789833273157 0.43228026796896302 0.11877784226089716 0.044695458159367263 0.0010868679910345227
leaf_count=3530 24 12 37 69
internal_value=-0.0196212 -0.0603526 -0.0600772 -0.0600011
internal_weight=0.663126 0.230846 0.112068 0.0673727
internal_count=3672 3648 3636 3599
is_linear=0
shrinkage=0.06


Tree=78
num_leaves=7
num_cat=0
split_feature=8 8 9 8 5 4
split_gain=0.159537 0.0933107 0.0925053 0.0061328 5.54414e-06 3.58047e-15
threshold=1088.4000000000003 423.40000000000003 0.095000000000000015 555.55000000000007 127.04500000000002 22.610000000000003
decision_type=2 2 2 2 2 2
left_child=1 4 3 -3 5 -1
right_child=-2 2 -4 -5 -6 -7
leaf_value=-0.060001061317297433 0.062935666889430544 0.014990360324375444 -0.035873511907969322 0.039875541071057334 -0.060666661364755327 -0.060000948222276626
leaf_weight=0.062401237155427225 0.075822003185749054 0.076732216630261973 0.21164449907882954 0.066591931733455567 0.15551579929888248 0.0010235746722173636
leaf_count=3528 3 24 15 18 15 69
internal_value=-0.0188618 -0.0296684 -0.010668 0.0265526 -0.0604738 -0.0600011
internal_weight=0.649731 0.573909 0.354969 0.143324 0.218941 0.0634248
internal_count=3672 3669 57 42 3612 3597
is_linear=0
shrinkage=0.06


Tree=79
num_leaves=5
num_cat=0
split_feature=9 5 8 5
split_gain=0.152217 3.12126e-06 2.3502e-07 2.91434e-15
threshold=1.0000000180025095e-35 127.04500000000002 434.60000000000008 73.015000000000015
decision_type=2 2 2 2
left_child=1 2 3 -1
right_child=-2 -3 -4 -5
leaf_value=-0.060001002330103567 0.0024427782867424024 -0.060542593879254217 -0.060184872340912549 -0.060000900575612894
leaf_weight=0.058725514987600036 0.41920736616702925 0.10545508842915297 0.043056805113337759 0.0010305865271220674
leaf_count=3526 24 12 37 73
internal_value=-0.0183868 -0.0603132 -0.060078 -0.060001
internal_weight=0.627475 0.208268 0.102813 0.0597561
internal_count=3672 3648 3636 3599
is_linear=0
shrinkage=0.06


Tree=80
num_leaves=6
num_cat=0
split_feature=8 0 5 4 0
split_gain=0.147071 0.052237 4.13115e-06 2.08167e-15 1.38778e-17
threshold=423.40000000000003 195.00000000000003 127.04500000000002 22.015000000000004 137.50000000000003
decision_type=2 2 2 2 2
left_child=2 -2 3 4 -1
right_child=1 -3 -4 -5 -6
leaf_value=-0.060000939279898961 0.019627063390450651 -0.023708253146502791 -0.060609367888772116 -0.060000853138232793 -0.060000939221040044
leaf_weight=0.037022193791926838 0.25269579095765948 0.16586655952869478 0.14055828750133514 0.0010333297941542688 0.01819734949094709
leaf_count=2360 29 31 15 77 1160
internal_value=-0.0176594 0.00245428 -0.0604355 -0.0600009 -0.0600009
internal_weight=0.615374 0.418562 0.196811 0.0562529 0.0552195
internal_count=3672 60 3612 3597 3520
is_linear=0
shrinkage=0.06


Tree=81
num_leaves=5
num_cat=0
split_feature=8 9 5 8
split_gain=0.145318 0.0848378 2.11332e-06 2.01421e-07
threshold=1088.4000000000003 1.0000000180025095e-35 127.04500000000002 434.60000000000008
decision_type=2 2 2 2
left_child=1 2 3 -1
right_child=-2 -3 -4 -5
leaf_value=-0.060000884872071718 0.062836592322323151 -0.01008427094586525 -0.060480696859874922 -0.060177578264056369
leaf_weight=0.052999816985902726 0.072197794914245605 0.34141709045070456 0.093613932840526104 0.041342799099766125
leaf_count=3599 3 21 12 37
internal_value=-0.0170155 -0.027906 -0.0602787 -0.0600783
internal_weight=0.601571 0.529374 0.187957 0.0943426
internal_count=3672 3669 3648 3636
is_linear=0
shrinkage=0.06


Tree=82
num_leaves=6
num_cat=0
split_feature=8 0 5 5 3
split_gain=0.13563 0.0508973 3.0512e-06 1.45023e-15 6.93889e-18
threshold=423.40000000000003 195.00000000000003 127.04500000000002 69.495000000000019 22.305000000000003
decision_type=2 2 2 2 2
left_child=2 -2 3 4 -1
right_child=1 -3 -4 -5 -6
leaf_value=-0.06000083540194863 0.019512824696032712 -0.023801851920396706 -0.060554807634249641 -0.06000076360357328 -0.060000835401805848
leaf_weight=0.024404231217886263 0.24882702296599746 0.16075860088130867 0.12665735511109233 0.001027786060149082 0.024459889289573766
leaf_count=1754 29 31 15 85 1758
internal_value=-0.016437 0.00251221 -0.0603983 -0.0600008 -0.0600008
internal_weight=0.586135 0.409586 0.176549 0.0498919 0.0488641
internal_count=3672 60 3612 3597 3512
is_linear=0
shrinkage=0.06


Tree=83
num_leaves=5
num_cat=0
split_feature=8 9 5 8
split_gain=0.134347 0.080696 1.42244e-06 1.72301e-07
threshold=1088.4000000000003 1.0000000180025095e-35 127.04500000000002 434.60000000000008
decision_type=2 2 2 2
left_child=1 2 3 -1
right_child=-2 -3 -4 -5
leaf_value=-0.060000781603141942 0.062747868537233659 -0.0094689635397770758 -0.060425911225591593 -0.060170553317294345
leaf_weight=0.047007444909013429 0.068929342553019524 0.33482878196991805 0.083092666696757078 0.039692944024864119
leaf_count=3599 3 21 12 37
internal_value=-0.0158226 -0.0265551 -0.0602485 -0.0600785
internal_weight=0.573551 0.504622 0.169793 0.0867004
internal_count=3672 3669 3648 3636
is_linear=0
shrinkage=0.06


Tree=84
num_leaves=5
num_cat=0
split_feature=9 5 8 4
split_gain=0.125796 1.18723e-06 1.43879e-07 7.63278e-16
threshold=1.0000000180025095e-35 127.04500000000002 434.60000000000008 20.365000000000006
decision_type=2 2 2 2
left_child=1 2 3 -1
right_child=-2 -3 -4 -5
leaf_value=-0.06000073844941993 0.0027351547828735607 -0.060400939663262272 -0.060160593658408507 -0.060000686503382472
leaf_weight=0.043222665727626008 0.39946035913817468 0.078285098541527987 0.03738740745029645 0.0010473113534317227
leaf_count=3503 24 12 37 96
internal_value=-0.0152688 -0.060234 -0.0600739 -0.0600007
internal_weight=0.559403 0.159942 0.0816574 0.04427
internal_count=3672 3648 3636 3599
is_linear=0
shrinkage=0.06


Tree=85
num_leaves=7
num_cat=0
split_feature=8 3 8 5 8 5
split_gain=0.121861 0.0783824 0.181236 0.0601591 9.46157e-05 2.84694e-07
threshold=1088.4000000000003 22.085000000000004 776.90000000000009 139.32500000000002 1008.4000000000002 127.04500000000002
decision_type=2 2 2 2 2 2
left_child=1 4 3 -3 5 -1
right_child=-2 2 -4 -5 -6 -7
leaf_value=-0.060000700824203841 0.062576727705244778 -0.060280388786754263 0.057683459687298447 0.0014317655314193436 -0.063923107575000845 -0.060361294906186344
leaf_weight=0.014115679990482022 0.064917115494608879 0.15505172813027457 0.10157724982127547 0.089804046787321568 0.10677100966859143 0.017848856747150421
leaf_count=1217 3 2436 3 7 3 3
internal_value=-0.0146265 -0.0249566 -0.00969501 -0.0376467 -0.0630658 -0.0602021
internal_weight=0.550086 0.485169 0.346433 0.244856 0.138736 0.0319645
internal_count=3672 3669 2446 2443 1223 1220
is_linear=0
shrinkage=0.06


Tree=86
num_leaves=6
num_cat=0
split_feature=8 0 5 4 4
split_gain=0.117645 0.0490487 1.85755e-06 5.48173e-16 1.38778e-17
threshold=423.40000000000003 195.00000000000003 127.04500000000002 19.755000000000006 0.64500000000000013
decision_type=2 2 2 2 2
left_child=2 -2 3 4 -1
right_child=1 -3 -4 -5 -6
leaf_value=-0.060000658265960669 0.020302372347073851 -0.02394139991977377 -0.060483856982283209 -0.060000613836858743 -0.060000658263943699
leaf_weight=0.0059856494217456193 0.23241172032430768 0.14742158344961354 0.10604272503405809 0.0010381217643953269 0.032215367660683114
leaf_count=547 29 31 15 106 2944
internal_value=-0.0144334 0.0031304 -0.0603533 -0.0600007 -0.0600007
internal_weight=0.525115 0.379833 0.145282 0.0392391 0.038201
internal_count=3672 60 3612 3597 3491
is_linear=0
shrinkage=0.06


Tree=87
num_leaves=7
num_cat=0
split_feature=8 3 8 6 8 5
split_gain=0.114224 0.0727821 0.162827 0.0602449 7.14654e-05 1.98418e-07
threshold=1088.4000000000003 22.085000000000004 776.90000000000009 310.37000000000006 1008.4000000000002 127.04500000000002
decision_type=2 2 2 2 2 2
left_child=1 4 3 -3 5 -1
right_child=-2 2 -4 -5 -6 -7
leaf_value=-0.060000621169889218 0.062497192943468997 -0.060265163127523426 0.056614049751948309 0.0033065077129219864 -0.063595625767726968 -0.06032016628275521
leaf_weight=0.012529321328202059 0.061992917209863663 0.14444060676351 0.095360551029443741 0.085392138555562269 0.098803751245213789 0.015838718041777611
leaf_count=1217 3 2435 3 8 3 3
internal_value=-0.0138812 -0.0243482 -0.00929798 -0.0366457 -0.0628335 -0.060179
internal_weight=0.514358 0.452365 0.325193 0.229833 0.127172 0.028368
internal_count=3672 3669 2446 2443 1223 1220
is_linear=0
shrinkage=0.06


Tree=88
num_leaves=6
num_cat=0
split_feature=8 0 9 5 4
split_gain=0.108385 0.0419418 1.42475e-06 6.78214e-07 3.60822e-16
threshold=423.40000000000003 195.00000000000003 0.095000000000000015 127.04500000000002 19.040000000000003
decision_type=2 2 2 2 2
left_child=2 -2 3 4 -1
right_child=1 -3 -4 -5 -6
leaf_value=-0.060000584859174956 0.019526671458826653 -0.02258997825210057 -0.060670406939401005 -0.060329819070105657 -0.060000548769880216
leaf_weight=0.033768572219742055 0.22149072820320725 0.13825542664744717 0.032755098305642605 0.063868289813399315 0.0010276626690028925
leaf_count=3480 29 31 3 12 117
internal_value=-0.0136948 0.00334066 -0.0603275 -0.0602137 -0.0600006
internal_weight=0.491166 0.359746 0.13142 0.0986645 0.0347962
internal_count=3672 60 3612 3609 3597
is_linear=0
shrinkage=0.06


Tree=89
num_leaves=7
num_cat=0
split_feature=8 3 8 5 8 5
split_gain=0.107043 0.0676666 0.146201 0.0590506 5.41483e-05 1.38352e-07
threshold=1088.4000000000003 22.085000000000004 776.90000000000009 139.32500000000002 1008.4000000000002 127.04500000000002
decision_type=2 2 2 2 2 2
left_child=1 4 3 -3 5 -1
right_child=-2 2 -4 -5 -6 -7
leaf_value=-0.060000551368810884 0.062416161955600569 -0.060245726167271946 0.055472300500667961 0.0043766233019235717 -0.063300794659437179 -0.060283779739660863
leaf_weight=0.011121898528926977 0.059175299480557442 0.13378146642571664 0.089705460239201784 0.08217246038839221 0.091494409505685326 0.014055507723242044
leaf_count=1217 3 2436 3 7 3 3
internal_value=-0.0131603 -0.0237498 -0.00891173 -0.0356563 -0.0626227 -0.0601587
internal_weight=0.481507 0.422331 0.305659 0.215954 0.116672 0.0251774
internal_count=3672 3669 2446 2443 1223 1220
is_linear=0
shrinkage=0.06


Tree=90
num_leaves=7
num_cat=0
split_feature=8 3 8 6 8 5
split_gain=0.0999983 0.0642552 0.134953 0.0582718 4.49927e-05 1.15504e-07
threshold=1088.4000000000003 22.085000000000004 776.90000000000009 310.37000000000006 1008.4000000000002 127.04500000000002
decision_type=2 2 2 2 2 2
left_child=1 4 3 -3 5 -1
right_child=-2 2 -4 -5 -6 -7
leaf_value=-0.060000521657539073 0.062272110752785742 -0.060236943792870826 0.054570966060335881 0.0048364512199105328 -0.063099667954105404 -0.060267174381854999
leaf_weight=0.01047421471139387 0.055854201316833496 0.12691996039393416 0.085834958590567112 0.081255751490971306 0.086432495269036735 0.013240514788776636
leaf_count=1217 3 2435 3 8 3 3
internal_value=-0.0129786 -0.0233782 -0.008735 -0.0348373 -0.0624645 -0.0601494
internal_weight=0.460012 0.404158 0.294011 0.208176 0.110147 0.0237147
internal_count=3672 3669 2446 2443 1223 1220
is_linear=0
shrinkage=0.06


Tree=91
num_leaves=6
num_cat=0
split_feature=8 0 9 5 4
split_gain=0.0970315 0.0345604 1.08677e-06 4.48753e-07 1.80411e-16
threshold=423.40000000000003 195.00000000000003 0.095000000000000015 127.04500000000002 18.340000000000003
decision_type=2 2 2 2 2
left_child=2 -2 3 4 -1
right_child=1 -3 -4 -5 -6
leaf_value=-0.060000487142178711 0.019135706921846782 -0.021227853006508302 -0.060612404964196814 -0.060291512643140192 -0.060000461571067899
leaf_weight=0.028034805030074494 0.20269646041560918 0.12253001913495609 0.029894482344388962 0.055525280069559813 0.0010204672344116253
leaf_count=3460 29 31 3 12 137
internal_value=-0.0127935 0.00392862 -0.0603014 -0.0601915 -0.0600005
internal_weight=0.439702 0.325226 0.114475 0.0845806 0.0290553
internal_count=3672 60 3612 3609 3597
is_linear=0
shrinkage=0.06


Tree=92
num_leaves=7
num_cat=0
split_feature=8 3 8 5 8 5
split_gain=0.0936852 0.059828 0.12082 0.0569357 3.4204e-05 8.05542e-08
threshold=1088.4000000000003 22.085000000000004 776.90000000000009 139.32500000000002 1008.4000000000002 127.04500000000002
decision_type=2 2 2 2 2 2
left_child=1 4 3 -3 5 -1
right_child=-2 2 -4 -5 -6 -7
leaf_value=-0.060000459801633488 0.062195071472462511 -0.060220048063209436 0.053270871830845619 0.005825255801632746 -0.062850533874855494 -0.060236831625805322
leaf_weight=0.0092982347773613583 0.053283900953829288 0.11767576655483936 0.081006862688809633 0.07822713814675808 0.080075810728885699 0.011748551856726408
leaf_count=1217 3 2436 3 7 3 3
internal_value=-0.0122876 -0.022786 -0.00836172 -0.0338471 -0.0622848 -0.0601324
internal_weight=0.431316 0.378032 0.27691 0.195903 0.101123 0.0210468
internal_count=3672 3669 2446 2443 1223 1220
is_linear=0
shrinkage=0.06


Tree=93
num_leaves=7
num_cat=0
split_feature=8 6 6 9 5 5
split_gain=0.0894783 0.0322007 0.0578657 8.71029e-07 3.36874e-07 9.36751e-17
threshold=423.40000000000003 248.25500000000002 219.01000000000002 0.095000000000000015 127.04500000000002 56.150000000000006
decision_type=2 2 2 2 2 2
left_child=3 2 -2 4 5 -1
right_child=1 -3 -4 -5 -6 -7
leaf_value=-0.060000430373112534 -0.060863639125221858 0.019118151174675798 0.024124952472911666 -0.060569494270962317 -0.060267200001619975 -0.060000412110674958
leaf_weight=0.024731728573442524 0.061349995561613468 0.192868213206566 0.054426084922852169 0.02776255551725626 0.050324095180258155 0.0010342281043449466
leaf_count=3442 36 13 11 3 12 155
internal_value=-0.012107 0.00410287 -0.0209107 -0.0602818 -0.0601769 -0.0600004
internal_weight=0.412497 0.308644 0.115776 0.103853 0.0760901 0.025766
internal_count=3672 60 47 3612 3609 3597
is_linear=0
shrinkage=0.06


Tree=94
num_leaves=7
num_cat=0
split_feature=8 3 8 6 8 5
split_gain=0.0851192 0.0569684 0.106249 0.0559236 2.78751e-05 5.61723e-08
threshold=1088.4000000000003 22.085000000000004 776.90000000000009 310.37000000000006 1008.4000000000002 127.04500000000002
decision_type=2 2 2 2 2 2
left_child=1 4 3 -3 5 -1
right_child=-2 2 -4 -5 -6 -7
leaf_value=-0.060000409748694042 0.062025843265594481 -0.06020703446594023 0.051790269736524841 0.0074198207143592911 -0.062708246030735354 -0.060209945264235905
leaf_weight=0.0082519342881823832 0.049392923712730408 0.10742006749387656 0.076465523801743984 0.074586796599305671 0.074919328913892969 0.010424083564430475
leaf_count=1217 3 2435 3 8 3 3
internal_value=-0.0117347 -0.0220829 -0.00755923 -0.0324934 -0.0621913 -0.0601174
internal_weight=0.401461 0.352068 0.258472 0.182007 0.0935953 0.018676
internal_count=3672 3669 2446 2443 1223 1220
is_linear=0
shrinkage=0.06


Tree=95
num_leaves=7
num_cat=0
split_feature=8 9 8 9 5 5
split_gain=0.0823697 0.0317104 0.00243449 6.96849e-07 2.54564e-07 6.245e-17
threshold=423.40000000000003 0.095000000000000015 476.80000000000001 0.095000000000000015 127.04500000000002 54.275000000000006
decision_type=2 2 2 2 2 2
left_child=3 2 -2 4 5 -1
right_child=1 -3 -4 -5 -6 -7
leaf_value=-0.060000382530181744 0.040818731415962151 -0.010277978360497734 0.02223037064913257 -0.060529737031333845 -0.060245694330040213 -0.060000367194183828
leaf_weight=0.021849260502222023 0.04965671144600492 0.18835706092522742 0.051849191253040772 0.025799646973609924 0.045659569324925542 0.0010002369363064636
leaf_count=3429 15 18 27 3 12 168
internal_value=-0.0115568 0.00429038 0.0313238 -0.060264 -0.0601639 -0.0600004
internal_weight=0.384172 0.289863 0.101506 0.0943087 0.0685091 0.0228495
internal_count=3672 60 42 3612 3609 3597
is_linear=0
shrinkage=0.06


Tree=96
num_leaves=5
num_cat=0
split_feature=9 5 8 4
split_gain=0.0797057 1.80319e-07 4.12745e-08 3.81639e-17
threshold=1.0000000180025095e-35 127.04500000000002 434.60000000000008 16.175000000000004
decision_type=2 2 2 2
left_child=1 2 3 -1
right_child=-2 -3 -4 -5
leaf_value=-0.060000359205901105 0.0044285005801731519 -0.060231338607542199 -0.060112616521724963 -0.060000347564556307
leaf_weight=0.020480689002397412 0.28622454331889458 0.043010501889511943 0.026065303097766446 0.0010500552123176013
leaf_count=3413 24 12 37 186
internal_value=-0.0110971 -0.0601423 -0.0600618 -0.0600004
internal_weight=0.376831 0.0906065 0.047596 0.0215307
internal_count=3672 3648 3636 3599
is_linear=0
shrinkage=0.06


Tree=97
num_leaves=7
num_cat=0
split_feature=8 3 8 5 8 5
split_gain=0.0783472 0.0546413 0.0943003 0.0526316 2.10016e-05 3.27395e-08
threshold=1088.4000000000003 22.085000000000004 776.90000000000009 139.32500000000002 1008.4000000000002 127.04500000000002
decision_type=2 2 2 2 2 2
left_child=1 4 3 -3 5 -1
right_child=-2 2 -4 -5 -6 -7
leaf_value=-0.060000341700974777 0.061916509963281227 -0.060189716002776263 0.050624105788875766 0.0082404489635236455 -0.062529956334788084 -0.060175241495693602
leaf_weight=0.0069088260620446826 0.046860798262059689 0.095807670350950502 0.072803911287337542 0.070044757099822164 0.070355981410102686 0.0087109857704490423
leaf_count=1217 3 2436 3 7 3 3
internal_value=-0.010607 -0.0210758 -0.00630112 -0.0312895 -0.0620881 -0.0600979
internal_weight=0.371493 0.324632 0.238656 0.165852 0.0859758 0.0156198
internal_count=3672 3669 2446 2443 1223 1220
is_linear=0
shrinkage=0.06


Tree=98
num_leaves=7
num_cat=0
split_feature=8 9 8 9 5 4
split_gain=0.0737412 0.0302525 0.00386559 5.8979e-07 1.61966e-07 3.1225e-17
threshold=423.40000000000003 0.095000000000000015 462.70000000000005 0.095000000000000015 127.04500000000002 15.400000000000002
decision_type=2 2 2 2 2 2
left_child=3 2 -2 4 5 -1
right_child=1 -3 -4 -5 -6 -7
leaf_value=-0.060000319576000764 0.044558199121153858 -0.0099978537790785475 0.020307133953244495 -0.060496530562631948 -0.060213574406909921 -0.060000309190356114
leaf_weight=0.018034789975445165 0.045466233353181451 0.17859881693493662 0.049341308979819587 0.024113355204463005 0.039071570616215467 0.0010483192729680004
leaf_count=3389 12 18 30 3 12 208
internal_value=-0.0104425 0.00454367 0.0319371 -0.060247 -0.0601436 -0.0600003
internal_weight=0.355674 0.273406 0.0948075 0.082268 0.0581547 0.0190831
internal_count=3672 60 42 3612 3609 3597
is_linear=0
shrinkage=0.06


Tree=99
num_leaves=7
num_cat=0
split_feature=8 3 5 8 8 5
split_gain=0.0733688 0.0513885 0.0880992 1.63575e-05 2.84781e-07 2.2855e-08
threshold=1088.4000000000003 22.085000000000004 127.04500000000002 1008.4000000000002 690.75000000000011 127.04500000000002
decision_type=2 2 2 2 2 2
left_child=1 3 4 5 -3 -1
right_child=-2 2 -4 -5 -6 -7
leaf_value=-0.060000303851765545 0.061820659744867897 -0.060090797240315089 0.02011532728647027 -0.062354029517425191 -0.060337889622030759 -0.060155366398004631
leaf_weight=0.0061411860360749415 0.044628816656768322 0.046433045886715263 0.15196432173252106 0.065804790903712274 0.026304124621674418 0.0077280525583773851
leaf_count=1217 3 2425 16 3 5 3
internal_value=-0.0100231 -0.0205571 -0.00587678 -0.0619593 -0.0601802 -0.0600867
internal_weight=0.349004 0.304376 0.224701 0.079674 0.0727372 0.0138692
internal_count=3672 3669 2446 1223 2430 1220
is_linear=0
shrinkage=0.06


end of trees

feature_importances:
peak_discharge_m3s=139
rainfall_24h_mm=125
rainfall_1h_mm=118
catchment_area_km2=45
stream_power_index=40
inundation_depth_m=23
rainfall_72h_mm=21

parameters:
[boosting: gbdt]
[objective: binary]
[metric: binary_logloss]
[tree_learner: serial]
[device_type: cpu]
[data_sample_strategy: bagging]
[data: ]
[valid: ]
[num_iterations: 100]
[learning_rate: 0.06]
[num_leaves: 31]
[num_threads: 2]
[seed: 42]
[deterministic: 0]
[force_col_wise: 0]
[force_row_wise: 0]
[histogram_pool_size: -1]
[max_depth: 4]
[min_data_in_leaf: 20]
[min_sum_hessian_in_leaf: 0.001]
[bagging_fraction: 0.85]
[pos_bagging_fraction: 1]
[neg_bagging_fraction: 1]
[bagging_freq: 0]
[bagging_seed: 400]
[bagging_by_query: 0]
[feature_fraction: 1]
[feature_fraction_bynode: 1]
[feature_fraction_seed: 30056]
[extra_trees: 0]
[extra_seed: 12879]
[early_stopping_round: 0]
[early_stopping_min_delta: 0]
[first_metric_only: 0]
[max_delta_step: 0]
[lambda_l1: 0]
[lambda_l2: 0]
[linear_lambda: 0]
[min_gain_to_split: 0]
[drop_rate: 0.1]
[max_drop: 50]
[skip_drop: 0.5]
[xgboost_dart_mode: 0]
[uniform_drop: 0]
[drop_seed: 17869]
[top_rate: 0.2]
[other_rate: 0.1]
[min_data_per_group: 100]
[max_cat_threshold: 32]
[cat_l2: 10]
[cat_smooth: 10]
[max_cat_to_onehot: 4]
[top_k: 20]
[monotone_constraints: ]
[monotone_constraints_method: basic]
[monotone_penalty: 0]
[feature_contri: ]
[forcedsplits_filename: ]
[refit_decay_rate: 0.9]
[cegb_tradeoff: 1]
[cegb_penalty_split: 0]
[cegb_penalty_feature_lazy: ]
[cegb_penalty_feature_coupled: ]
[path_smooth: 0]
[interaction_constraints: ]
[verbosity: -1]
[saved_feature_importance_type: 0]
[use_quantized_grad: 0]
[num_grad_quant_bins: 4]
[quant_train_renew_leaf: 0]
[stochastic_rounding: 1]
[linear_tree: 0]
[max_bin: 255]
[max_bin_by_feature: ]
[min_data_in_bin: 3]
[bin_construct_sample_cnt: 200000]
[data_random_seed: 175]
[is_enable_sparse: 1]
[enable_bundle: 1]
[use_missing: 1]
[zero_as_missing: 0]
[feature_pre_filter: 1]
[pre_partition: 0]
[two_round: 0]
[header: 0]
[label_column: ]
[weight_column: ]
[group_column: ]
[ignore_column: ]
[categorical_feature: ]
[forcedbins_filename: ]
[precise_float_parser: 0]
[parser_config_file: ]
[objective_seed: 16083]
[num_class: 1]
[is_unbalance: 0]
[scale_pos_weight: 1]
[sigmoid: 1]
[boost_from_average: 1]
[reg_sqrt: 0]
[alpha: 0.9]
[fair_c: 1]
[poisson_max_delta_step: 0.7]
[tweedie_variance_power: 1.5]
[lambdarank_truncation_level: 30]
[lambdarank_norm: 1]
[label_gain: ]
[lambdarank_position_bias_regularization: 0]
[eval_at: ]
[multi_error_top_k: 1]
[auc_mu_weights: ]
[num_machines: 1]
[local_listen_port: 12400]
[time_out: 120]
[machine_list_filename: ]
[machines: ]
[gpu_platform_id: -1]
[gpu_device_id: -1]
[gpu_device_id_list: ]
[gpu_use_dp: 0]
[num_gpu: 1]

end of parameters

pandas_categorical:[]
